#     Mag U    Mag U    Mag U    Mag U    Mag U    Redshift
9.433439254760742188e+00 7.529543876647949219e+00 6.710249900817871094e+00 6.280049324035644531e+00 6.065097332000732422e+00 0.000000000000000000e+00
4.411716461181640625e+01 4.221929550170898438e+01 4.137841796875000000e+01 4.094856643676757812e+01 4.073509597778320312e+01 9.999999776482582092e-03
4.504602050781250000e+01 4.315126037597656250e+01 4.228508377075195312e+01 4.185550308227539062e+01 4.164048385620117188e+01 1.999999955296516418e-02
4.569945907592773438e+01 4.380331802368164062e+01 4.291416168212890625e+01 4.248482894897460938e+01 4.226369476318359375e+01 2.999999932944774628e-02
4.624317169189453125e+01 4.433922576904296875e+01 4.342605209350585938e+01 4.299562072753906250e+01 4.276926422119140625e+01 3.999999910593032837e-02
4.667220687866210938e+01 4.476179885864257812e+01 4.382683944702148438e+01 4.339490890502929688e+01 4.316414642333984375e+01 4.999999701976776123e-02
4.706872177124023438e+01 4.514542007446289062e+01 4.419092559814453125e+01 4.375324249267578125e+01 4.351444625854492188e+01 5.999999865889549255e-02
4.739177703857421875e+01 4.545631408691406250e+01 4.448917007446289062e+01 4.404454040527343750e+01 4.379837036132812500e+01 7.000000029802322388e-02
4.770915985107421875e+01 4.576176071166992188e+01 4.477597808837890625e+01 4.432268905639648438e+01 4.407242584228515625e+01 7.999999821186065674e-02
4.797300338745117188e+01 4.601600265502929688e+01 4.501128005981445312e+01 4.455150222778320312e+01 4.430020523071289062e+01 8.999999612569808960e-02
4.824456405639648438e+01 4.627470397949218750e+01 4.524636077880859375e+01 4.478265380859375000e+01 4.452555847167968750e+01 9.999999403953552246e-02
4.847386932373046875e+01 4.649128341674804688e+01 4.543894195556640625e+01 4.497543334960937500e+01 4.471460342407226562e+01 1.099999994039535522e-01
4.872043228149414062e+01 4.672064590454101562e+01 4.564066314697265625e+01 4.517738342285156250e+01 4.490841293334960938e+01 1.199999973177909851e-01
4.892653274536132812e+01 4.691198348999023438e+01 4.580715179443359375e+01 4.534197616577148438e+01 4.507004165649414062e+01 1.299999952316284180e-01
4.915709686279296875e+01 4.711914062500000000e+01 4.598674392700195312e+01 4.551604080200195312e+01 4.524089813232421875e+01 1.400000005960464478e-01
4.924842453002929688e+01 4.718402862548828125e+01 4.602236175537109375e+01 4.554235076904296875e+01 4.526677322387695312e+01 1.499999910593032837e-01
4.956749725341796875e+01 4.748343276977539062e+01 4.629175186157226562e+01 4.580337142944335938e+01 4.553223037719726562e+01 1.599999964237213135e-01
4.977983856201171875e+01 4.766736221313476562e+01 4.644329833984375000e+01 4.594445800781250000e+01 4.567873001098632812e+01 1.700000017881393433e-01
4.994874191284179688e+01 4.781471252441406250e+01 4.656427764892578125e+01 4.605563354492187500e+01 4.579527282714843750e+01 1.799999922513961792e-01
5.014386749267578125e+01 4.798753356933593750e+01 4.670555496215820312e+01 4.618601608276367188e+01 4.592829895019531250e+01 1.899999976158142090e-01
5.029979705810546875e+01 4.812549209594726562e+01 4.681515502929687500e+01 4.628748321533203125e+01 4.603045654296875000e+01 1.999999880790710449e-01
5.048757553100585938e+01 4.828992462158203125e+01 4.694492340087890625e+01 4.640775299072265625e+01 4.615094757080078125e+01 2.099999934434890747e-01
5.063446426391601562e+01 4.841983795166015625e+01 4.704317092895507812e+01 4.649814224243164062e+01 4.624406433105468750e+01 2.199999988079071045e-01
5.081720733642578125e+01 4.857740783691406250e+01 4.716308975219726562e+01 4.660967254638671875e+01 4.635355758666992188e+01 2.299999892711639404e-01
5.099860382080078125e+01 4.872939300537109375e+01 4.728088378906250000e+01 4.671746826171875000e+01 4.646023559570312500e+01 2.399999946355819702e-01
5.113162994384765625e+01 4.884143447875976562e+01 4.736838531494140625e+01 4.679698562622070312e+01 4.654156875610351562e+01 2.500000000000000000e-01
5.130832290649414062e+01 4.898305892944335938e+01 4.748086166381835938e+01 4.689857482910156250e+01 4.664573287963867188e+01 2.599999904632568359e-01
5.140689849853515625e+01 4.904701995849609375e+01 4.751816558837890625e+01 4.692393493652343750e+01 4.667477035522460938e+01 2.699999809265136719e-01
5.160903549194335938e+01 4.921722030639648438e+01 4.767111968994140625e+01 4.706769180297851562e+01 4.682354736328125000e+01 2.800000011920928955e-01
5.177625656127929688e+01 4.934613418579101562e+01 4.777882003784179688e+01 4.716173934936523438e+01 4.691926193237304688e+01 2.899999916553497314e-01
5.187871551513671875e+01 4.940685653686523438e+01 4.781899261474609375e+01 4.718830108642578125e+01 4.694482421875000000e+01 2.999999821186065674e-01
5.206549453735351562e+01 4.956061172485351562e+01 4.795690155029296875e+01 4.731783676147460938e+01 4.706935119628906250e+01 3.100000023841857910e-01
5.222419357299804688e+01 4.968321609497070312e+01 4.805511474609375000e+01 4.740586090087890625e+01 4.714923095703125000e+01 3.199999928474426270e-01
5.233414840698242188e+01 4.976724624633789062e+01 4.811983108520507812e+01 4.746492004394531250e+01 4.719942855834960938e+01 3.299999833106994629e-01
5.247769927978515625e+01 4.988770294189453125e+01 4.821318435668945312e+01 4.754896926879882812e+01 4.727539062500000000e+01 3.400000035762786865e-01
5.260345458984375000e+01 5.000742340087890625e+01 4.830611038208007812e+01 4.763144683837890625e+01 4.735261535644531250e+01 3.499999940395355225e-01
5.268612289428710938e+01 5.008705139160156250e+01 4.836742401123046875e+01 4.768602371215820312e+01 4.740560150146484375e+01 3.599999845027923584e-01
5.280088806152343750e+01 5.020608901977539062e+01 4.845803833007812500e+01 4.776700592041015625e+01 4.747950363159179688e+01 3.700000047683715820e-01
5.290789794921875000e+01 5.032014083862304688e+01 4.854824447631835938e+01 4.784732055664062500e+01 4.754917526245117188e+01 3.799999952316284180e-01
5.298012542724609375e+01 5.038163375854492188e+01 4.860784530639648438e+01 4.789782333374023438e+01 4.759177017211914062e+01 3.899999856948852539e-01
5.308815383911132812e+01 5.047746276855468750e+01 4.870146560668945312e+01 4.797441101074218750e+01 4.765979385375976562e+01 3.999999761581420898e-01
5.319970703125000000e+01 5.056947708129882812e+01 4.879520797729492188e+01 4.804877090454101562e+01 4.772767257690429688e+01 4.099999964237213135e-01
5.327035903930664062e+01 5.061694335937500000e+01 4.885672760009765625e+01 4.809172058105468750e+01 4.776787185668945312e+01 4.199999868869781494e-01
5.338943481445312500e+01 5.070265960693359375e+01 4.895217514038085938e+01 4.816290664672851562e+01 4.783400726318359375e+01 4.299999773502349854e-01
5.350338363647460938e+01 5.078631210327148438e+01 4.904874801635742188e+01 4.823374557495117188e+01 4.789955139160156250e+01 4.399999976158142090e-01
5.358464431762695312e+01 5.082879257202148438e+01 4.910913085937500000e+01 4.827370452880859375e+01 4.793382263183593750e+01 4.499999880790710449e-01
5.369378662109375000e+01 5.091352081298828125e+01 4.920321273803710938e+01 4.834188461303710938e+01 4.799859619140625000e+01 4.599999785423278809e-01
5.379148101806640625e+01 5.099922561645507812e+01 4.929547500610351562e+01 4.840851211547851562e+01 4.806084442138671875e+01 4.699999988079071045e-01
5.388253402709960938e+01 5.108459091186523438e+01 4.938851165771484375e+01 4.847431182861328125e+01 4.812315368652343750e+01 4.799999892711639404e-01
5.392857360839843750e+01 5.113149642944335938e+01 4.944496154785156250e+01 4.850828552246093750e+01 4.815676116943359375e+01 4.899999797344207764e-01
5.400427246093750000e+01 5.122292327880859375e+01 4.953686904907226562e+01 4.857155990600585938e+01 4.821488952636718750e+01 5.000000000000000000e-01
5.407443237304687500e+01 5.131552124023437500e+01 4.962737274169921875e+01 4.863429260253906250e+01 4.827251052856445312e+01 5.099999904632568359e-01
5.411640930175781250e+01 5.136328887939453125e+01 4.968133926391601562e+01 4.866521453857421875e+01 4.830216217041015625e+01 5.199999809265136719e-01
5.418046188354492188e+01 5.145059967041015625e+01 4.977232360839843750e+01 4.872603225708007812e+01 4.835765838623046875e+01 5.299999713897705078e-01
5.421037292480468750e+01 5.149990081787109375e+01 4.982789611816406250e+01 4.875201797485351562e+01 4.838239669799804688e+01 5.399999618530273438e-01
5.430860137939453125e+01 5.161878204345703125e+01 4.995064163208007812e+01 4.884604644775390625e+01 4.847792053222656250e+01 5.500000119209289551e-01
5.434577560424804688e+01 5.165857696533203125e+01 4.999775695800781250e+01 4.887384033203125000e+01 4.850686645507812500e+01 5.600000023841857910e-01
5.441123199462890625e+01 5.174435806274414062e+01 5.008158874511718750e+01 4.893420028686523438e+01 4.856489944458007812e+01 5.699999928474426270e-01
5.447567367553710938e+01 5.182897567749023438e+01 5.016445159912109375e+01 4.899453353881835938e+01 4.862199020385742188e+01 5.799999833106994629e-01
5.453889083862304688e+01 5.191372680664062500e+01 5.024478149414062500e+01 4.905342483520507812e+01 4.867657852172851562e+01 5.899999737739562988e-01
5.457083511352539062e+01 5.196758270263671875e+01 5.029262161254882812e+01 4.908086776733398438e+01 4.870296478271484375e+01 5.999999642372131348e-01
5.463453674316406250e+01 5.203888320922851562e+01 5.035901260375976562e+01 4.913535690307617188e+01 4.875604629516601562e+01 6.100000143051147461e-01
5.469471359252929688e+01 5.212582778930664062e+01 5.043500137329101562e+01 4.919090652465820312e+01 4.880445098876953125e+01 6.200000047683715820e-01
5.475634002685546875e+01 5.221269607543945312e+01 5.051099395751953125e+01 4.924679565429687500e+01 4.885736846923828125e+01 6.299999952316284180e-01
5.478953552246093750e+01 5.225341415405273438e+01 5.054318618774414062e+01 4.926661682128906250e+01 4.887475204467773438e+01 6.399999856948852539e-01
5.485390472412109375e+01 5.234286499023437500e+01 5.061883926391601562e+01 4.932440567016601562e+01 4.892783355712890625e+01 6.499999761581420898e-01
5.491944503784179688e+01 5.243481445312500000e+01 5.069426727294921875e+01 4.938198471069335938e+01 4.897791290283203125e+01 6.599999666213989258e-01
5.498883819580078125e+01 5.252944564819335938e+01 5.076852798461914062e+01 4.943885803222656250e+01 4.902486038208007812e+01 6.699999570846557617e-01
5.500575637817382812e+01 5.257245635986328125e+01 5.079443359375000000e+01 4.945167160034179688e+01 4.902953720092773438e+01 6.800000071525573730e-01
5.507717514038085938e+01 5.266640472412109375e+01 5.086875534057617188e+01 4.950938034057617188e+01 4.907662963867187500e+01 6.899999976158142090e-01
5.514740371704101562e+01 5.275547409057617188e+01 5.094411468505859375e+01 4.956799697875976562e+01 4.912411499023437500e+01 6.999999880790710449e-01
5.521838760375976562e+01 5.284141921997070312e+01 5.102108001708984375e+01 4.962583541870117188e+01 4.917230224609375000e+01 7.099999785423278809e-01
5.528979873657226562e+01 5.292754364013671875e+01 5.109553527832031250e+01 4.968311309814453125e+01 4.922029495239257812e+01 7.199999690055847168e-01
5.530295562744140625e+01 5.295912933349609375e+01 5.111545944213867188e+01 4.969935607910156250e+01 4.922721099853515625e+01 7.299999594688415527e-01
5.537362289428710938e+01 5.304630279541015625e+01 5.117562103271484375e+01 4.975901031494140625e+01 4.927162551879882812e+01 7.400000095367431641e-01
5.544272613525390625e+01 5.313657760620117188e+01 5.123116683959960938e+01 4.982063293457031250e+01 4.931726074218750000e+01 7.500000000000000000e-01
5.551047515869140625e+01 5.322703170776367188e+01 5.128437805175781250e+01 4.988364028930664062e+01 4.936174392700195312e+01 7.599999904632568359e-01
5.551144409179687500e+01 5.325902175903320312e+01 5.128743743896484375e+01 4.990466690063476562e+01 4.936834716796875000e+01 7.699999809265136719e-01
5.557808303833007812e+01 5.335143280029296875e+01 5.133687591552734375e+01 4.996771621704101562e+01 4.941282653808593750e+01 7.799999713897705078e-01
5.564333343505859375e+01 5.344330978393554688e+01 5.138418197631835938e+01 5.003178787231445312e+01 4.945721817016601562e+01 7.899999618530273438e-01
5.570748901367187500e+01 5.353390884399414062e+01 5.143167877197265625e+01 5.009629440307617188e+01 4.950378417968750000e+01 7.999999523162841797e-01
5.577153396606445312e+01 5.362569046020507812e+01 5.148164367675781250e+01 5.016215896606445312e+01 4.954562759399414062e+01 8.100000023841857910e-01
5.577653884887695312e+01 5.365304565429687500e+01 5.148207092285156250e+01 5.018458938598632812e+01 4.955037307739257812e+01 8.199999928474426270e-01
5.583667755126953125e+01 5.374257659912109375e+01 5.153417968750000000e+01 5.025124359130859375e+01 4.959451675415039062e+01 8.299999833106994629e-01
5.589298629760742188e+01 5.383331298828125000e+01 5.158398056030273438e+01 5.031725692749023438e+01 4.963054275512695312e+01 8.399999737739562988e-01
5.594710922241210938e+01 5.392469406127929688e+01 5.163636779785156250e+01 5.038335418701171875e+01 4.967475128173828125e+01 8.499999642372131348e-01
5.599748611450195312e+01 5.401896667480468750e+01 5.169136047363281250e+01 5.045013809204101562e+01 4.972184753417968750e+01 8.599999547004699707e-01
5.604190826416015625e+01 5.411496353149414062e+01 5.174793243408203125e+01 5.051539230346679688e+01 4.976882934570312500e+01 8.700000047683715820e-01
5.604270172119140625e+01 5.414516448974609375e+01 5.175151824951171875e+01 5.053028106689453125e+01 4.977261734008789062e+01 8.799999952316284180e-01
5.608811950683593750e+01 5.424898147583007812e+01 5.180900955200195312e+01 5.059177780151367188e+01 4.981695556640625000e+01 8.899999856948852539e-01
5.613199234008789062e+01 5.434920883178710938e+01 5.186321640014648438e+01 5.065228652954101562e+01 4.985975265502929688e+01 8.999999761581420898e-01
5.617261505126953125e+01 5.444292449951171875e+01 5.191615676879882812e+01 5.071048355102539062e+01 4.990573120117187500e+01 9.099999666213989258e-01
5.621230697631835938e+01 5.452542877197265625e+01 5.196705627441406250e+01 5.076884078979492188e+01 4.995283889770507812e+01 9.199999570846557617e-01
5.620625686645507812e+01 5.452186584472656250e+01 5.196123123168945312e+01 5.077516555786132812e+01 4.995433807373046875e+01 9.300000071525573730e-01
5.624411010742187500e+01 5.459061813354492188e+01 5.201574325561523438e+01 5.083150863647460938e+01 5.000129699707031250e+01 9.399999976158142090e-01
5.627990722656250000e+01 5.465663146972656250e+01 5.207189941406250000e+01 5.088685607910156250e+01 5.004661560058593750e+01 9.499999880790710449e-01
5.631570816040039062e+01 5.471081161499023438e+01 5.212865829467773438e+01 5.094097518920898438e+01 5.008823776245117188e+01 9.599999785423278809e-01
5.634984970092773438e+01 5.476406860351562500e+01 5.218573760986328125e+01 5.099575805664062500e+01 5.013638305664062500e+01 9.699999690055847168e-01
5.638577651977539062e+01 5.481772994995117188e+01 5.224243927001953125e+01 5.105332565307617188e+01 5.018466949462890625e+01 9.799999594688415527e-01
5.635602188110351562e+01 5.477950286865234375e+01 5.223169708251953125e+01 5.104225540161132812e+01 5.016574096679687500e+01 9.899999499320983887e-01
5.639149093627929688e+01 5.483454132080078125e+01 5.228928756713867188e+01 5.109755325317382812e+01 5.021077728271484375e+01 1.000000000000000000e+00
5.642565917968750000e+01 5.489381027221679688e+01 5.234905624389648438e+01 5.115327072143554688e+01 5.025783920288085938e+01 1.009999990463256836e+00
5.646136856079101562e+01 5.495647811889648438e+01 5.240980911254882812e+01 5.120908355712890625e+01 5.031312179565429688e+01 1.019999980926513672e+00
5.649593734741210938e+01 5.502736663818359375e+01 5.246932983398437500e+01 5.126669311523437500e+01 5.036328125000000000e+01 1.029999971389770508e+00
5.652775573730468750e+01 5.510262680053710938e+01 5.252853393554687500e+01 5.132105255126953125e+01 5.042031097412109375e+01 1.039999961853027344e+00
5.656014633178710938e+01 5.518188858032226562e+01 5.258705902099609375e+01 5.137711715698242188e+01 5.046951293945312500e+01 1.049999952316284180e+00
5.654736709594726562e+01 5.517342758178710938e+01 5.257366180419921875e+01 5.136655044555664062e+01 5.046279144287109375e+01 1.059999942779541016e+00
5.656446838378906250e+01 5.524673843383789062e+01 5.261850357055664062e+01 5.140776443481445312e+01 5.050314712524414062e+01 1.069999933242797852e+00
5.659669494628906250e+01 5.533283615112304688e+01 5.268104934692382812e+01 5.146589279174804688e+01 5.055734634399414062e+01 1.079999923706054688e+00
5.663723373413085938e+01 5.542596817016601562e+01 5.275837707519531250e+01 5.153664016723632812e+01 5.062959671020507812e+01 1.090000033378601074e+00
5.666558456420898438e+01 5.549235916137695312e+01 5.282364654541015625e+01 5.158751296997070312e+01 5.068276977539062500e+01 1.100000023841857910e+00
5.669174575805664062e+01 5.555060958862304688e+01 5.288704681396484375e+01 5.163017654418945312e+01 5.074174499511718750e+01 1.110000014305114746e+00
5.671767044067382812e+01 5.560493850708007812e+01 5.294909286499023438e+01 5.166816329956054688e+01 5.079404067993164062e+01 1.120000004768371582e+00
5.668360519409179688e+01 5.554758071899414062e+01 5.293252182006835938e+01 5.163392257690429688e+01 5.078142166137695312e+01 1.129999995231628418e+00
5.670895385742187500e+01 5.559717178344726562e+01 5.299112319946289062e+01 5.167070770263671875e+01 5.083425140380859375e+01 1.139999985694885254e+00
5.673464202880859375e+01 5.564698410034179688e+01 5.305063247680664062e+01 5.170859527587890625e+01 5.088901901245117188e+01 1.149999976158142090e+00
5.675872421264648438e+01 5.569228744506835938e+01 5.311110687255859375e+01 5.174532699584960938e+01 5.093659973144531250e+01 1.159999966621398926e+00
5.678239822387695312e+01 5.573381042480468750e+01 5.317266082763671875e+01 5.178113174438476562e+01 5.098101806640625000e+01 1.169999957084655762e+00
5.680765533447265625e+01 5.577291107177734375e+01 5.323583602905273438e+01 5.181620025634765625e+01 5.103142166137695312e+01 1.179999947547912598e+00
5.683144378662109375e+01 5.581049728393554688e+01 5.330139923095703125e+01 5.184927368164062500e+01 5.107488632202148438e+01 1.189999938011169434e+00
5.684094619750976562e+01 5.583604431152343750e+01 5.335667419433593750e+01 5.187188720703125000e+01 5.111148452758789062e+01 1.199999928474426270e+00
5.679114913940429688e+01 5.575275421142578125e+01 5.333869552612304688e+01 5.183621215820312500e+01 5.107952880859375000e+01 1.209999918937683105e+00
5.682880020141601562e+01 5.580712890625000000e+01 5.341811752319335938e+01 5.188514709472656250e+01 5.113776397705078125e+01 1.220000028610229492e+00
5.685515975952148438e+01 5.585240554809570312e+01 5.348533630371093750e+01 5.192100143432617188e+01 5.118486785888671875e+01 1.230000019073486328e+00
5.687918090820312500e+01 5.590103912353515625e+01 5.355233764648437500e+01 5.195661926269531250e+01 5.123719787597656250e+01 1.240000009536743164e+00
5.690415954589843750e+01 5.594921875000000000e+01 5.361832427978515625e+01 5.199291229248046875e+01 5.128304672241210938e+01 1.250000000000000000e+00
5.692696380615234375e+01 5.599629211425781250e+01 5.368597030639648438e+01 5.203162765502929688e+01 5.133065795898437500e+01 1.259999990463256836e+00
5.694823455810546875e+01 5.604067993164062500e+01 5.375231552124023438e+01 5.207215881347656250e+01 5.137645339965820312e+01 1.269999980926513672e+00
5.684384918212890625e+01 5.592984390258789062e+01 5.372121429443359375e+01 5.202627182006835938e+01 5.133285140991210938e+01 1.279999971389770508e+00
5.686817932128906250e+01 5.596513748168945312e+01 5.378950119018554688e+01 5.206876373291015625e+01 5.138027191162109375e+01 1.289999961853027344e+00
5.689180755615234375e+01 5.599716567993164062e+01 5.385773849487304688e+01 5.211045074462890625e+01 5.142768096923828125e+01 1.299999952316284180e+00
5.691418838500976562e+01 5.602880477905273438e+01 5.392829895019531250e+01 5.215037155151367188e+01 5.147661209106445312e+01 1.309999942779541016e+00
5.693614959716796875e+01 5.606091690063476562e+01 5.400009155273437500e+01 5.218884277343750000e+01 5.152008438110351562e+01 1.319999933242797852e+00
5.695763778686523438e+01 5.609235000610351562e+01 5.407321548461914062e+01 5.222527313232421875e+01 5.157155990600585938e+01 1.329999923706054688e+00
5.697793579101562500e+01 5.612620925903320312e+01 5.415044784545898438e+01 5.226066970825195312e+01 5.161573028564453125e+01 1.339999914169311523e+00
5.699925613403320312e+01 5.616056442260742188e+01 5.423138427734375000e+01 5.229634094238281250e+01 5.166448974609375000e+01 1.350000023841857910e+00
5.702042770385742188e+01 5.619772720336914062e+01 5.431261062622070312e+01 5.233367156982421875e+01 5.171426773071289062e+01 1.360000014305114746e+00
5.697227859497070312e+01 5.610575485229492188e+01 5.428558731079101562e+01 5.228154754638671875e+01 5.167736434936523438e+01 1.370000004768371582e+00
5.699493026733398438e+01 5.614926147460937500e+01 5.435964965820312500e+01 5.231899642944335938e+01 5.172839736938476562e+01 1.379999995231628418e+00
5.701688766479492188e+01 5.619520568847656250e+01 5.442843627929687500e+01 5.235656738281250000e+01 5.177074432373046875e+01 1.389999985694885254e+00
5.703770828247070312e+01 5.624311828613281250e+01 5.449193572998046875e+01 5.239411926269531250e+01 5.179022598266601562e+01 1.399999976158142090e+00
5.705968475341796875e+01 5.629092407226562500e+01 5.454741668701171875e+01 5.243185424804687500e+01 5.182463836669921875e+01 1.409999966621398926e+00
5.708103179931640625e+01 5.633673095703125000e+01 5.460070037841796875e+01 5.247097015380859375e+01 5.184023666381835938e+01 1.419999957084655762e+00
5.710139465332031250e+01 5.638459396362304688e+01 5.464869308471679688e+01 5.251046371459960938e+01 5.187434768676757812e+01 1.429999947547912598e+00
5.712301254272460938e+01 5.643303298950195312e+01 5.469251632690429688e+01 5.255227661132812500e+01 5.190555572509765625e+01 1.439999938011169434e+00
5.714456176757812500e+01 5.648242568969726562e+01 5.472711944580078125e+01 5.259505081176757812e+01 5.193122863769531250e+01 1.449999928474426270e+00
5.716521453857421875e+01 5.653216552734375000e+01 5.476053619384765625e+01 5.263955307006835938e+01 5.196149444580078125e+01 1.459999918937683105e+00
5.713540267944335938e+01 5.645248794555664062e+01 5.467301559448242188e+01 5.258790588378906250e+01 5.190435409545898438e+01 1.469999909400939941e+00
5.715497589111328125e+01 5.650381851196289062e+01 5.470671081542968750e+01 5.263362503051757812e+01 5.192905426025390625e+01 1.480000019073486328e+00
5.717413330078125000e+01 5.655584716796875000e+01 5.474097442626953125e+01 5.267939376831054688e+01 5.195466613769531250e+01 1.490000009536743164e+00
5.719272232055664062e+01 5.660935592651367188e+01 5.477611923217773438e+01 5.272630310058593750e+01 5.199049758911132812e+01 1.500000000000000000e+00
5.720997238159179688e+01 5.666349411010742188e+01 5.481401062011718750e+01 5.277428054809570312e+01 5.202058410644531250e+01 1.509999990463256836e+00
5.723040390014648438e+01 5.671699142456054688e+01 5.484992599487304688e+01 5.282422637939453125e+01 5.205662155151367188e+01 1.519999980926513672e+00
5.725097274780273438e+01 5.677214813232421875e+01 5.489415359497070312e+01 5.287403869628906250e+01 5.208640289306640625e+01 1.529999971389770508e+00
5.726888656616210938e+01 5.682667160034179688e+01 5.493963241577148438e+01 5.292554092407226562e+01 5.211403656005859375e+01 1.539999961853027344e+00
5.728784561157226562e+01 5.688164138793945312e+01 5.499207305908203125e+01 5.297658920288085938e+01 5.214066696166992188e+01 1.549999952316284180e+00
5.730179595947265625e+01 5.693535995483398438e+01 5.504956817626953125e+01 5.302678298950195312e+01 5.217212295532226562e+01 1.559999942779541016e+00
5.724985885620117188e+01 5.677911376953125000e+01 5.485917282104492188e+01 5.287748336791992188e+01 5.203185272216796875e+01 1.569999933242797852e+00
5.726960372924804688e+01 5.683876037597656250e+01 5.492122650146484375e+01 5.292037200927734375e+01 5.206492614746093750e+01 1.579999923706054688e+00
5.728830718994140625e+01 5.689789199829101562e+01 5.498049926757812500e+01 5.296180343627929688e+01 5.209955215454101562e+01 1.589999914169311523e+00
5.730951309204101562e+01 5.695909881591796875e+01 5.503759765625000000e+01 5.300148010253906250e+01 5.213758468627929688e+01 1.599999904632568359e+00
5.732917785644531250e+01 5.701997756958007812e+01 5.508660507202148438e+01 5.304122924804687500e+01 5.216990280151367188e+01 1.610000014305114746e+00
5.734935379028320312e+01 5.708333587646484375e+01 5.512786102294921875e+01 5.308126068115234375e+01 5.220261383056640625e+01 1.620000004768371582e+00
5.737287521362304688e+01 5.714515686035156250e+01 5.516156768798828125e+01 5.312362289428710938e+01 5.223263931274414062e+01 1.629999995231628418e+00
5.739396667480468750e+01 5.720561218261718750e+01 5.519312667846679688e+01 5.316689682006835938e+01 5.226209259033203125e+01 1.639999985694885254e+00
5.741640090942382812e+01 5.726045227050781250e+01 5.522230148315429688e+01 5.321217727661132812e+01 5.228962326049804688e+01 1.649999976158142090e+00
5.743834304809570312e+01 5.730965423583984375e+01 5.525077056884765625e+01 5.325804519653320312e+01 5.231480407714843750e+01 1.659999966621398926e+00
5.739874649047851562e+01 5.727871704101562500e+01 5.518498992919921875e+01 5.322649002075195312e+01 5.227420425415039062e+01 1.669999957084655762e+00
5.741925048828125000e+01 5.731914901733398438e+01 5.521574020385742188e+01 5.327559280395507812e+01 5.230813598632812500e+01 1.679999947547912598e+00
5.743846511840820312e+01 5.735656738281250000e+01 5.524681854248046875e+01 5.332548141479492188e+01 5.234153747558593750e+01 1.689999938011169434e+00
5.745984649658203125e+01 5.739060592651367188e+01 5.527568435668945312e+01 5.337539291381835938e+01 5.237160110473632812e+01 1.699999928474426270e+00
5.748089599609375000e+01 5.742264175415039062e+01 5.530287170410156250e+01 5.342678070068359375e+01 5.240307235717773438e+01 1.709999918937683105e+00
5.750189971923828125e+01 5.745363235473632812e+01 5.532726669311523438e+01 5.347798919677734375e+01 5.243355941772460938e+01 1.719999909400939941e+00
5.750044631958007812e+01 5.745671844482421875e+01 5.530825042724609375e+01 5.349378585815429688e+01 5.242898941040039062e+01 1.730000019073486328e+00
5.752175521850585938e+01 5.748686981201171875e+01 5.533290100097656250e+01 5.354595947265625000e+01 5.245642089843750000e+01 1.740000009536743164e+00
5.754258728027343750e+01 5.751715850830078125e+01 5.535819625854492188e+01 5.359833908081054688e+01 5.248353576660156250e+01 1.750000000000000000e+00
5.756145858764648438e+01 5.754687118530273438e+01 5.538648223876953125e+01 5.365125656127929688e+01 5.251411056518554688e+01 1.759999990463256836e+00
5.757670593261718750e+01 5.757604217529296875e+01 5.541630935668945312e+01 5.370500183105468750e+01 5.254812240600585938e+01 1.769999980926513672e+00
5.746998214721679688e+01 5.745241165161132812e+01 5.533647918701171875e+01 5.368381118774414062e+01 5.251978683471679688e+01 1.779999971389770508e+00
5.748634719848632812e+01 5.747985458374023438e+01 5.537166595458984375e+01 5.373715972900390625e+01 5.255276870727539062e+01 1.789999961853027344e+00
5.749713134765625000e+01 5.750687026977539062e+01 5.540732574462890625e+01 5.379006958007812500e+01 5.259582138061523438e+01 1.799999952316284180e+00
5.751250457763671875e+01 5.753228759765625000e+01 5.544332122802734375e+01 5.384301757812500000e+01 5.263420104980468750e+01 1.809999942779541016e+00
5.752856063842773438e+01 5.755607986450195312e+01 5.547929000854492188e+01 5.389506912231445312e+01 5.266645431518554688e+01 1.819999933242797852e+00
5.754229354858398438e+01 5.757829284667968750e+01 5.551216125488281250e+01 5.394947814941406250e+01 5.269972991943359375e+01 1.829999923706054688e+00
5.757426452636718750e+01 5.759850692749023438e+01 5.544124984741210938e+01 5.392553329467773438e+01 5.267198562622070312e+01 1.839999914169311523e+00
5.758940887451171875e+01 5.762049484252929688e+01 5.546942138671875000e+01 5.398180007934570312e+01 5.271585845947265625e+01 1.849999904632568359e+00
5.760514450073242188e+01 5.764208602905273438e+01 5.549358367919921875e+01 5.403943252563476562e+01 5.276351547241210938e+01 1.860000014305114746e+00
5.761693191528320312e+01 5.766363906860351562e+01 5.551691818237304688e+01 5.410003662109375000e+01 5.280723190307617188e+01 1.870000004768371582e+00
5.762960052490234375e+01 5.768491363525390625e+01 5.553914642333984375e+01 5.416035079956054688e+01 5.284936141967773438e+01 1.879999995231628418e+00
5.766361618041992188e+01 5.769203567504882812e+01 5.545061874389648438e+01 5.413327407836914062e+01 5.281875610351562500e+01 1.889999985694885254e+00
5.767712783813476562e+01 5.771519470214843750e+01 5.547256469726562500e+01 5.418965148925781250e+01 5.286386108398437500e+01 1.899999976158142090e+00
5.769256591796875000e+01 5.773800659179687500e+01 5.549490356445312500e+01 5.424606704711914062e+01 5.290902328491210938e+01 1.909999966621398926e+00
5.770641708374023438e+01 5.776058578491210938e+01 5.551837158203125000e+01 5.429669189453125000e+01 5.294948196411132812e+01 1.919999957084655762e+00
5.771998977661132812e+01 5.778202438354492188e+01 5.554338455200195312e+01 5.434397125244140625e+01 5.298287582397460938e+01 1.929999947547912598e+00
5.773187637329101562e+01 5.780296707153320312e+01 5.556837081909179688e+01 5.438858032226562500e+01 5.301433181762695312e+01 1.939999938011169434e+00
5.775772094726562500e+01 5.782365417480468750e+01 5.548435974121093750e+01 5.434382629394531250e+01 5.297498703002929688e+01 1.949999928474426270e+00
5.777070617675781250e+01 5.784502410888671875e+01 5.551510620117187500e+01 5.438621902465820312e+01 5.300894927978515625e+01 1.959999918937683105e+00
5.778333663940429688e+01 5.786485290527343750e+01 5.554752349853515625e+01 5.442058181762695312e+01 5.304069900512695312e+01 1.969999909400939941e+00
5.779810333251953125e+01 5.788394546508789062e+01 5.558224487304687500e+01 5.444823837280273438e+01 5.307074356079101562e+01 1.979999899864196777e+00
5.781171798706054688e+01 5.790247344970703125e+01 5.562015533447265625e+01 5.447249984741210938e+01 5.310538864135742188e+01 1.990000009536743164e+00
5.782570648193359375e+01 5.792060852050781250e+01 5.565792846679687500e+01 5.449491119384765625e+01 5.314201736450195312e+01 2.000000000000000000e+00
5.783985519409179688e+01 5.793844985961914062e+01 5.569575119018554688e+01 5.451859664916992188e+01 5.317224121093750000e+01 2.009999990463256836e+00
5.788470458984375000e+01 5.797797393798828125e+01 5.560800933837890625e+01 5.444870376586914062e+01 5.312528610229492188e+01 2.019999980926513672e+00
5.789709472656250000e+01 5.799841690063476562e+01 5.564448165893554688e+01 5.447343444824218750e+01 5.316087341308593750e+01 2.029999971389770508e+00
5.790903854370117188e+01 5.801912307739257812e+01 5.568189620971679688e+01 5.449679183959960938e+01 5.320118713378906250e+01 2.039999961853027344e+00
5.792063903808593750e+01 5.803990173339843750e+01 5.572104263305664062e+01 5.452503204345703125e+01 5.324573898315429688e+01 2.049999952316284180e+00
5.793312835693359375e+01 5.806002044677734375e+01 5.576126861572265625e+01 5.455266571044921875e+01 5.329078292846679688e+01 2.059999942779541016e+00
5.794302749633789062e+01 5.807931518554687500e+01 5.580126953125000000e+01 5.458300399780273438e+01 5.333490371704101562e+01 2.069999933242797852e+00
5.799322891235351562e+01 5.809267425537109375e+01 5.569689559936523438e+01 5.451087188720703125e+01 5.329169082641601562e+01 2.079999923706054688e+00
5.800448989868164062e+01 5.811365127563476562e+01 5.573713302612304688e+01 5.454673767089843750e+01 5.333445358276367188e+01 2.089999914169311523e+00
5.801619720458984375e+01 5.813380050659179688e+01 5.577767944335937500e+01 5.458727264404296875e+01 5.337710189819335938e+01 2.099999904632568359e+00
5.802868652343750000e+01 5.815287017822265625e+01 5.581922531127929688e+01 5.462805557250976562e+01 5.341896057128906250e+01 2.109999895095825195e+00
5.803899383544921875e+01 5.817134857177734375e+01 5.586210632324218750e+01 5.467007446289062500e+01 5.346177291870117188e+01 2.119999885559082031e+00
5.804449081420898438e+01 5.818365478515625000e+01 5.590207290649414062e+01 5.470847702026367188e+01 5.349695205688476562e+01 2.129999876022338867e+00
5.805482482910156250e+01 5.820094299316406250e+01 5.594766235351562500e+01 5.475513458251953125e+01 5.354183959960937500e+01 2.139999866485595703e+00
5.806536483764648438e+01 5.821756744384765625e+01 5.599499893188476562e+01 5.479936218261718750e+01 5.358727264404296875e+01 2.149999856948852539e+00
5.811494445800781250e+01 5.826580810546875000e+01 5.588287734985351562e+01 5.472303390502929688e+01 5.354024505615234375e+01 2.159999847412109375e+00
5.812569046020507812e+01 5.828460693359375000e+01 5.592951583862304688e+01 5.475905990600585938e+01 5.358725738525390625e+01 2.169999837875366211e+00
5.814130783081054688e+01 5.830749893188476562e+01 5.598119354248046875e+01 5.479579544067382812e+01 5.364157485961914062e+01 2.180000066757202148e+00
5.815437316894531250e+01 5.832419586181640625e+01 5.602992248535156250e+01 5.482021713256835938e+01 5.368408584594726562e+01 2.190000057220458984e+00
5.816555023193359375e+01 5.833990097045898438e+01 5.607817077636718750e+01 5.483921432495117188e+01 5.372837448120117188e+01 2.200000047683715820e+00
5.817895507812500000e+01 5.835481262207031250e+01 5.612691497802734375e+01 5.485663986206054688e+01 5.377174377441406250e+01 2.210000038146972656e+00
5.818522262573242188e+01 5.840611267089843750e+01 5.599937438964843750e+01 5.474201965332031250e+01 5.371253204345703125e+01 2.220000028610229492e+00
5.819816589355468750e+01 5.842143630981445312e+01 5.604891586303710938e+01 5.475814437866210938e+01 5.375630187988281250e+01 2.230000019073486328e+00
5.821250915527343750e+01 5.843610000610351562e+01 5.610032653808593750e+01 5.477525711059570312e+01 5.380046463012695312e+01 2.240000009536743164e+00
5.822582626342773438e+01 5.844983291625976562e+01 5.615292358398437500e+01 5.479371261596679688e+01 5.384882354736328125e+01 2.250000000000000000e+00
5.823801803588867188e+01 5.846345901489257812e+01 5.620696640014648438e+01 5.480979156494140625e+01 5.389850616455078125e+01 2.259999990463256836e+00
5.823821258544921875e+01 5.846059036254882812e+01 5.622117996215820312e+01 5.479691314697265625e+01 5.391984939575195312e+01 2.269999980926513672e+00
5.825193023681640625e+01 5.847287750244140625e+01 5.628011703491210938e+01 5.481254196166992188e+01 5.396099472045898438e+01 2.279999971389770508e+00
5.826647186279296875e+01 5.848421096801757812e+01 5.633919906616210938e+01 5.482396316528320312e+01 5.400005340576171875e+01 2.289999961853027344e+00
5.828087234497070312e+01 5.849500274658203125e+01 5.639749908447265625e+01 5.483377075195312500e+01 5.404442214965820312e+01 2.299999952316284180e+00
5.825750732421875000e+01 5.845824432373046875e+01 5.629682922363281250e+01 5.473862838745117188e+01 5.400480651855468750e+01 2.309999942779541016e+00
5.827239990234375000e+01 5.846805191040039062e+01 5.634964752197265625e+01 5.474723434448242188e+01 5.404261016845703125e+01 2.319999933242797852e+00
5.828794479370117188e+01 5.847731781005859375e+01 5.639883422851562500e+01 5.475692749023437500e+01 5.407186126708984375e+01 2.329999923706054688e+00
5.830295562744140625e+01 5.848646163940429688e+01 5.644552993774414062e+01 5.476937484741210938e+01 5.411236190795898438e+01 2.339999914169311523e+00
5.831977081298828125e+01 5.849497604370117188e+01 5.649193191528320312e+01 5.478274154663085938e+01 5.415633773803710938e+01 2.349999904632568359e+00
5.833704376220703125e+01 5.850315856933593750e+01 5.653653335571289062e+01 5.479808807373046875e+01 5.420119857788085938e+01 2.359999895095825195e+00
5.835383224487304688e+01 5.851137161254882812e+01 5.658100509643554688e+01 5.481613540649414062e+01 5.423513031005859375e+01 2.369999885559082031e+00
5.836904907226562500e+01 5.851952362060546875e+01 5.662251281738281250e+01 5.483535003662109375e+01 5.425611495971679688e+01 2.379999876022338867e+00
5.838087463378906250e+01 5.852290725708007812e+01 5.665958404541015625e+01 5.485231018066406250e+01 5.425754547119140625e+01 2.389999866485595703e+00
5.839577865600585938e+01 5.853102111816406250e+01 5.670011138916015625e+01 5.487582778930664062e+01 5.426432037353515625e+01 2.399999856948852539e+00
5.841283035278320312e+01 5.853882980346679688e+01 5.674189376831054688e+01 5.490051269531250000e+01 5.428646469116210938e+01 2.409999847412109375e+00
5.834347152709960938e+01 5.845800399780273438e+01 5.635452270507812500e+01 5.463749694824218750e+01 5.407777786254882812e+01 2.419999837875366211e+00
5.836235046386718750e+01 5.846603775024414062e+01 5.639735412597656250e+01 5.466012573242187500e+01 5.410669326782226562e+01 2.429999828338623047e+00
5.838489151000976562e+01 5.847824096679687500e+01 5.644432449340820312e+01 5.468565750122070312e+01 5.413540267944335938e+01 2.440000057220458984e+00
5.840263366699218750e+01 5.848560714721679688e+01 5.648842239379882812e+01 5.470480346679687500e+01 5.415273284912109375e+01 2.450000047683715820e+00
5.842142105102539062e+01 5.849281311035156250e+01 5.653396224975585938e+01 5.472095108032226562e+01 5.416326904296875000e+01 2.460000038146972656e+00
5.844151687622070312e+01 5.849996566772460938e+01 5.657859039306640625e+01 5.473486328125000000e+01 5.418641662597656250e+01 2.470000028610229492e+00
5.846129608154296875e+01 5.850703811645507812e+01 5.662523269653320312e+01 5.474773788452148438e+01 5.421231842041015625e+01 2.480000019073486328e+00
5.848106002807617188e+01 5.851395797729492188e+01 5.667129898071289062e+01 5.475815200805664062e+01 5.423280334472656250e+01 2.490000009536743164e+00
5.850196456909179688e+01 5.852083587646484375e+01 5.671714019775390625e+01 5.476853179931640625e+01 5.425697708129882812e+01 2.500000000000000000e+00
5.852260971069335938e+01 5.852764892578125000e+01 5.676107406616210938e+01 5.477980041503906250e+01 5.429116439819335938e+01 2.509999990463256836e+00
5.854430389404296875e+01 5.853402709960937500e+01 5.680467224121093750e+01 5.479078292846679688e+01 5.432139968872070312e+01 2.519999980926513672e+00
5.856580734252929688e+01 5.854042816162109375e+01 5.684442901611328125e+01 5.480288696289062500e+01 5.435594558715820312e+01 2.529999971389770508e+00
5.858739852905273438e+01 5.854658889770507812e+01 5.688395309448242188e+01 5.481650543212890625e+01 5.439628982543945312e+01 2.539999961853027344e+00
5.860892105102539062e+01 5.855249786376953125e+01 5.692182159423828125e+01 5.483069229125976562e+01 5.443240737915039062e+01 2.549999952316284180e+00
5.803492355346679688e+01 5.795889282226562500e+01 5.644127273559570312e+01 5.453458023071289062e+01 5.419215011596679688e+01 2.559999942779541016e+00
5.805535125732421875e+01 5.796437454223632812e+01 5.647737884521484375e+01 5.454888534545898438e+01 5.422664260864257812e+01 2.569999933242797852e+00
5.807662582397460938e+01 5.796979522705078125e+01 5.651401901245117188e+01 5.456466674804687500e+01 5.426582717895507812e+01 2.579999923706054688e+00
5.809766769409179688e+01 5.797510528564453125e+01 5.655212402343750000e+01 5.458102035522460938e+01 5.430350875854492188e+01 2.589999914169311523e+00
5.812004089355468750e+01 5.798089981079101562e+01 5.659035110473632812e+01 5.459959030151367188e+01 5.433058929443359375e+01 2.599999904632568359e+00
5.814293670654296875e+01 5.798659515380859375e+01 5.663006591796875000e+01 5.461989593505859375e+01 5.435273361206054688e+01 2.609999895095825195e+00
5.816464996337890625e+01 5.799221038818359375e+01 5.667034530639648438e+01 5.464167404174804688e+01 5.436400222778320312e+01 2.619999885559082031e+00
5.818657302856445312e+01 5.799802398681640625e+01 5.671076965332031250e+01 5.466487884521484375e+01 5.436875534057617188e+01 2.629999876022338867e+00
5.820972442626953125e+01 5.800379562377929688e+01 5.675148010253906250e+01 5.468822860717773438e+01 5.437468719482421875e+01 2.639999866485595703e+00
5.823160934448242188e+01 5.800976181030273438e+01 5.679127502441406250e+01 5.471251678466796875e+01 5.438190078735351562e+01 2.649999856948852539e+00
5.825260162353515625e+01 5.801565933227539062e+01 5.683214950561523438e+01 5.473629760742187500e+01 5.439254760742187500e+01 2.659999847412109375e+00
5.827521133422851562e+01 5.802161407470703125e+01 5.687232971191406250e+01 5.476020050048828125e+01 5.440627288818359375e+01 2.669999837875366211e+00
5.829895401000976562e+01 5.802741241455078125e+01 5.691226959228515625e+01 5.478321075439453125e+01 5.442094421386718750e+01 2.679999828338623047e+00
5.832146072387695312e+01 5.803345489501953125e+01 5.695037460327148438e+01 5.480618286132812500e+01 5.443745803833007812e+01 2.690000057220458984e+00
5.834546279907226562e+01 5.803928756713867188e+01 5.698787307739257812e+01 5.482973480224609375e+01 5.444857788085937500e+01 2.700000047683715820e+00
5.835845565795898438e+01 5.810787963867187500e+01 5.664968109130859375e+01 5.453680801391601562e+01 5.418851089477539062e+01 2.710000038146972656e+00
5.838286972045898438e+01 5.811405944824218750e+01 5.668839263916015625e+01 5.456048202514648438e+01 5.420187759399414062e+01 2.720000028610229492e+00
5.840490722656250000e+01 5.811989593505859375e+01 5.672724151611328125e+01 5.458344268798828125e+01 5.420893859863281250e+01 2.730000019073486328e+00
5.842742538452148438e+01 5.812601470947265625e+01 5.676573944091796875e+01 5.460849380493164062e+01 5.421832656860351562e+01 2.740000009536743164e+00
5.845034790039062500e+01 5.813196182250976562e+01 5.680686950683593750e+01 5.463278961181640625e+01 5.422525787353515625e+01 2.750000000000000000e+00
5.847460174560546875e+01 5.813819503784179688e+01 5.684754562377929688e+01 5.465768432617187500e+01 5.422766494750976562e+01 2.759999990463256836e+00
5.849802017211914062e+01 5.814450836181640625e+01 5.689119338989257812e+01 5.468181610107421875e+01 5.422973251342773438e+01 2.769999980926513672e+00
5.852256393432617188e+01 5.815110015869140625e+01 5.693459701538085938e+01 5.470668029785156250e+01 5.423225784301757812e+01 2.779999971389770508e+00
5.854561996459960938e+01 5.815737915039062500e+01 5.698073959350585938e+01 5.473314285278320312e+01 5.425034332275390625e+01 2.789999961853027344e+00
5.856846237182617188e+01 5.816400146484375000e+01 5.702785110473632812e+01 5.475960159301757812e+01 5.426217651367187500e+01 2.799999952316284180e+00
5.859148025512695312e+01 5.817042541503906250e+01 5.707709503173828125e+01 5.478672027587890625e+01 5.426986312866210938e+01 2.809999942779541016e+00
5.861375045776367188e+01 5.817646789550781250e+01 5.712615966796875000e+01 5.481315612792968750e+01 5.427719497680664062e+01 2.819999933242797852e+00
5.863607788085937500e+01 5.818290710449218750e+01 5.717452621459960938e+01 5.484072875976562500e+01 5.428567886352539062e+01 2.829999923706054688e+00
5.865841674804687500e+01 5.818928527832031250e+01 5.722289657592773438e+01 5.486695480346679688e+01 5.429525756835937500e+01 2.839999914169311523e+00
5.867802810668945312e+01 5.819548034667968750e+01 5.727006149291992188e+01 5.489323806762695312e+01 5.430787277221679688e+01 2.849999904632568359e+00
5.923019409179687500e+01 5.873157119750976562e+01 5.702231597900390625e+01 5.457269287109375000e+01 5.405313873291015625e+01 2.859999895095825195e+00
5.925288391113281250e+01 5.873867416381835938e+01 5.707672882080078125e+01 5.459711837768554688e+01 5.407141876220703125e+01 2.869999885559082031e+00
5.927600097656250000e+01 5.874539947509765625e+01 5.713362503051757812e+01 5.462172698974609375e+01 5.408855056762695312e+01 2.879999876022338867e+00
5.929917907714843750e+01 5.875251388549804688e+01 5.719214248657226562e+01 5.464565277099609375e+01 5.410463333129882812e+01 2.889999866485595703e+00
5.932051086425781250e+01 5.875916290283203125e+01 5.725133895874023438e+01 5.467113494873046875e+01 5.411822891235351562e+01 2.899999856948852539e+00
5.933874511718750000e+01 5.876560974121093750e+01 5.731229782104492188e+01 5.469572830200195312e+01 5.413191986083984375e+01 2.909999847412109375e+00
5.935319900512695312e+01 5.877281188964843750e+01 5.737344741821289062e+01 5.472128677368164062e+01 5.414522171020507812e+01 2.919999837875366211e+00
5.936701202392578125e+01 5.877922058105468750e+01 5.743769454956054688e+01 5.474675369262695312e+01 5.415258407592773438e+01 2.929999828338623047e+00
5.938311004638671875e+01 5.878583526611328125e+01 5.750336837768554688e+01 5.477372360229492188e+01 5.416102218627929688e+01 2.939999818801879883e+00
5.940222930908203125e+01 5.879298782348632812e+01 5.757019424438476562e+01 5.480093002319335938e+01 5.416988754272460938e+01 2.950000047683715820e+00
5.942390441894531250e+01 5.880007171630859375e+01 5.763498306274414062e+01 5.482912826538085938e+01 5.417642211914062500e+01 2.960000038146972656e+00
5.944531631469726562e+01 5.880693054199218750e+01 5.770218276977539062e+01 5.485737609863281250e+01 5.418204879760742188e+01 2.970000028610229492e+00
5.946636581420898438e+01 5.881476593017578125e+01 5.776903152465820312e+01 5.488737487792968750e+01 5.418690109252929688e+01 2.980000019073486328e+00
5.948538589477539062e+01 5.882206344604492188e+01 5.783448791503906250e+01 5.491817855834960938e+01 5.419573211669921875e+01 2.990000009536743164e+00
5.949862670898437500e+01 5.888359069824218750e+01 5.739267730712890625e+01 5.451681518554687500e+01 5.388975906372070312e+01 3.000000000000000000e+00
5.951807785034179688e+01 5.889151000976562500e+01 5.746350860595703125e+01 5.454497909545898438e+01 5.389444732666015625e+01 3.009999990463256836e+00
5.953945922851562500e+01 5.889937210083007812e+01 5.753209304809570312e+01 5.457313156127929688e+01 5.390168762207031250e+01 3.019999980926513672e+00
5.955949401855468750e+01 5.890802001953125000e+01 5.760105895996093750e+01 5.460099029541015625e+01 5.391366958618164062e+01 3.029999971389770508e+00
5.957876968383789062e+01 5.891579818725585938e+01 5.767059707641601562e+01 5.462733840942382812e+01 5.392050552368164062e+01 3.039999961853027344e+00
5.959846878051757812e+01 5.892409515380859375e+01 5.773836135864257812e+01 5.465372467041015625e+01 5.392479324340820312e+01 3.049999952316284180e+00
5.962089157104492188e+01 5.893246841430664062e+01 5.781006622314453125e+01 5.467942428588867188e+01 5.393225860595703125e+01 3.059999942779541016e+00
5.964148330688476562e+01 5.894018173217773438e+01 5.788406372070312500e+01 5.470519256591796875e+01 5.393991851806640625e+01 3.069999933242797852e+00
5.966097259521484375e+01 5.894773864746093750e+01 5.795721054077148438e+01 5.473049545288085938e+01 5.394710540771484375e+01 3.079999923706054688e+00
5.968315124511718750e+01 5.895631027221679688e+01 5.802489852905273438e+01 5.475601959228515625e+01 5.395811462402343750e+01 3.089999914169311523e+00
5.970441818237304688e+01 5.896393585205078125e+01 5.809059143066406250e+01 5.478100967407226562e+01 5.397230911254882812e+01 3.099999904632568359e+00
