#     Mag U    Mag U    Mag U    Mag U    Mag U    Redshift
9.462366104125976562e+00 7.558875083923339844e+00 6.739906787872314453e+00 6.310230731964111328e+00 6.095808506011962891e+00 0.000000000000000000e+00
4.417397689819335938e+01 4.227365875244140625e+01 4.143154907226562500e+01 4.100113677978515625e+01 4.078774642944335938e+01 9.999999776482582092e-03
4.507392883300781250e+01 4.317639160156250000e+01 4.230860900878906250e+01 4.187797927856445312e+01 4.166251754760742188e+01 1.999999955296516418e-02
4.575365447998046875e+01 4.385239028930664062e+01 4.296026992797851562e+01 4.252895736694335938e+01 4.230691528320312500e+01 2.999999932944774628e-02
4.626945495605468750e+01 4.436314773559570312e+01 4.344863891601562500e+01 4.301726913452148438e+01 4.279045867919921875e+01 3.999999910593032837e-02
4.672720336914062500e+01 4.481107711791992188e+01 4.387240219116210938e+01 4.343833160400390625e+01 4.320651245117187500e+01 4.999999701976776123e-02
4.709749603271484375e+01 4.517082595825195312e+01 4.421392059326171875e+01 4.377502059936523438e+01 4.353560638427734375e+01 5.999999865889549255e-02
4.744906616210937500e+01 4.550627517700195312e+01 4.453532028198242188e+01 4.408839797973632812e+01 4.384103775024414062e+01 7.000000029802322388e-02
4.773767471313476562e+01 4.578628540039062500e+01 4.479911041259765625e+01 4.434476089477539062e+01 4.409393692016601562e+01 7.999999821186065674e-02
4.803137588500976562e+01 4.606680679321289062e+01 4.505810165405273438e+01 4.459573364257812500e+01 4.434316635131835938e+01 8.999999612569808960e-02
4.827436828613281250e+01 4.630103683471679688e+01 4.527006149291992188e+01 4.480484008789062500e+01 4.454701614379882812e+01 9.999999403953552246e-02
4.853411102294921875e+01 4.654307937622070312e+01 4.548657226562500000e+01 4.502034378051757812e+01 4.475811386108398438e+01 1.099999994039535522e-01
4.875091171264648438e+01 4.674607849121093750e+01 4.566456604003906250e+01 4.520011901855468750e+01 4.493046188354492188e+01 1.199999973177909851e-01
4.899016952514648438e+01 4.696445465087890625e+01 4.585533905029296875e+01 4.538755035400390625e+01 4.511405181884765625e+01 1.299999952316284180e-01
4.919034957885742188e+01 4.714624023437500000e+01 4.601104736328125000e+01 4.553888320922851562e+01 4.526286315917968750e+01 1.400000005960464478e-01
4.928199768066406250e+01 4.721127319335937500e+01 4.604673767089843750e+01 4.556525039672851562e+01 4.528878784179687500e+01 1.499999910593032837e-01
4.960056686401367188e+01 4.751186370849609375e+01 4.631699752807617188e+01 4.582696533203125000e+01 4.555485153198242188e+01 1.599999964237213135e-01
4.981307983398437500e+01 4.769594573974609375e+01 4.646861267089843750e+01 4.596810150146484375e+01 4.570142745971679688e+01 1.700000017881393433e-01
4.998566436767578125e+01 4.784402465820312500e+01 4.658972167968750000e+01 4.607925033569335938e+01 4.581794357299804688e+01 1.799999922513961792e-01
5.018112945556640625e+01 4.801705932617187500e+01 4.673108673095703125e+01 4.620969390869140625e+01 4.595103836059570312e+01 1.899999976158142090e-01
5.037390518188476562e+01 4.818583297729492188e+01 4.686703491210937500e+01 4.633549499511718750e+01 4.607653045654296875e+01 1.999999880790710449e-01
5.052416992187500000e+01 4.832074356079101562e+01 4.697127532958984375e+01 4.643209075927734375e+01 4.617426300048828125e+01 2.099999934434890747e-01
5.070801162719726562e+01 4.848194503784179688e+01 4.709626007080078125e+01 4.654716110229492188e+01 4.629100418090820312e+01 2.199999988079071045e-01
5.085408020019531250e+01 4.860869598388671875e+01 4.718981933593750000e+01 4.663435745239257812e+01 4.637718200683593750e+01 2.299999892711639404e-01
5.103529357910156250e+01 4.876090621948242188e+01 4.730770874023437500e+01 4.674220657348632812e+01 4.648390197753906250e+01 2.399999946355819702e-01
5.121262359619140625e+01 4.890685653686523438e+01 4.742271423339843750e+01 4.684672927856445312e+01 4.658906555175781250e+01 2.500000000000000000e-01
5.135301208496093750e+01 4.901705551147460938e+01 4.750838851928710938e+01 4.692359161376953125e+01 4.666958999633789062e+01 2.599999904632568359e-01
5.145163345336914062e+01 4.908132553100585938e+01 4.754581832885742188e+01 4.694902801513671875e+01 4.669873428344726562e+01 2.699999809265136719e-01
5.164822387695312500e+01 4.925302124023437500e+01 4.769995880126953125e+01 4.709356689453125000e+01 4.684817123413085938e+01 2.800000011920928955e-01
5.181489944458007812e+01 4.938214874267578125e+01 4.780781936645507812e+01 4.718770599365234375e+01 4.694400024414062500e+01 2.899999916553497314e-01
5.191673660278320312e+01 4.944305419921875000e+01 4.784816360473632812e+01 4.721436309814453125e+01 4.696966171264648438e+01 2.999999821186065674e-01
5.210443115234375000e+01 4.959737777709960938e+01 4.798636245727539062e+01 4.734412384033203125e+01 4.709441757202148438e+01 3.100000023841857910e-01
5.226242446899414062e+01 4.972017669677734375e+01 4.808472824096679688e+01 4.743223190307617188e+01 4.717433929443359375e+01 3.199999928474426270e-01
5.241253280639648438e+01 4.984217071533203125e+01 4.817964935302734375e+01 4.751806259155273438e+01 4.724992370605468750e+01 3.299999833106994629e-01
5.251808547973632812e+01 4.992571258544921875e+01 4.824338531494140625e+01 4.757574844360351562e+01 4.730078125000000000e+01 3.400000035762786865e-01
5.264334869384765625e+01 5.004571914672851562e+01 4.833644485473632812e+01 4.765830993652343750e+01 4.737807846069335938e+01 3.499999940395355225e-01
5.276431655883789062e+01 5.016494750976562500e+01 4.842881011962890625e+01 4.774032974243164062e+01 4.745707702636718750e+01 3.599999845027923584e-01
5.283911514282226562e+01 5.024573516845703125e+01 4.848910140991210938e+01 4.779445648193359375e+01 4.750549697875976562e+01 3.700000047683715820e-01
5.294555664062500000e+01 5.036007308959960938e+01 4.857946395874023438e+01 4.787488555908203125e+01 4.757522583007812500e+01 3.799999952316284180e-01
5.305380630493164062e+01 5.046337127685546875e+01 4.867177200317382812e+01 4.795369720458984375e+01 4.764429473876953125e+01 3.899999856948852539e-01
5.312407684326171875e+01 5.051914978027343750e+01 4.873422622680664062e+01 4.800272750854492188e+01 4.768627929687500000e+01 3.999999761581420898e-01
5.323486328125000000e+01 5.061120605468750000e+01 4.882820129394531250e+01 4.807720565795898438e+01 4.775422668457031250e+01 4.099999964237213135e-01
5.334552001953125000e+01 5.070001220703125000e+01 4.892276000976562500e+01 4.814900970458984375e+01 4.782153701782226562e+01 4.199999868869781494e-01
5.342977905273437500e+01 5.074404525756835938e+01 4.898516845703125000e+01 4.819175720214843750e+01 4.786112213134765625e+01 4.299999773502349854e-01
5.354328536987304688e+01 5.082769775390625000e+01 4.908197784423828125e+01 4.826269912719726562e+01 4.792675018310546875e+01 4.399999976158142090e-01
5.365648269653320312e+01 5.091278839111328125e+01 4.917733383178710938e+01 4.833228302001953125e+01 4.798863220214843750e+01 4.499999880790710449e-01
5.372516632080078125e+01 5.095608901977539062e+01 4.923823928833007812e+01 4.837152481079101562e+01 4.802621841430664062e+01 4.599999785423278809e-01
5.382203674316406250e+01 5.104183578491210938e+01 4.933077621459960938e+01 4.843828201293945312e+01 4.808856582641601562e+01 4.699999988079071045e-01
5.391227722167968750e+01 5.112727355957031250e+01 4.942410659790039062e+01 4.850421142578125000e+01 4.815096664428710938e+01 4.799999892711639404e-01
5.398992919921875000e+01 5.121702957153320312e+01 4.951668548583984375e+01 4.856853485107421875e+01 4.821284866333007812e+01 4.899999797344207764e-01
5.403597259521484375e+01 5.126580810546875000e+01 4.957300186157226562e+01 4.860190582275390625e+01 4.824314498901367188e+01 5.000000000000000000e-01
5.410562896728515625e+01 5.135861968994140625e+01 4.966378784179687500e+01 4.866476058959960938e+01 4.830083465576171875e+01 5.099999904632568359e-01
5.417177200317382812e+01 5.144856262207031250e+01 4.975396347045898438e+01 4.872615051269531250e+01 4.835887145996093750e+01 5.199999809265136719e-01
5.420448684692382812e+01 5.149268341064453125e+01 4.980852127075195312e+01 4.875650024414062500e+01 4.838602066040039062e+01 5.299999713897705078e-01
5.423363876342773438e+01 5.154204177856445312e+01 4.986436080932617188e+01 4.878260040283203125e+01 4.841084289550781250e+01 5.399999618530273438e-01
5.433103179931640625e+01 5.166097259521484375e+01 4.998738098144531250e+01 4.887675476074218750e+01 4.850648498535156250e+01 5.500000119209289551e-01
5.439440155029296875e+01 5.174477386474609375e+01 5.007309341430664062e+01 4.893632888793945312e+01 4.856488800048828125e+01 5.600000023841857910e-01
5.443746185302734375e+01 5.178842926025390625e+01 5.012020874023437500e+01 4.896599578857421875e+01 4.859436798095703125e+01 5.699999928474426270e-01
5.450106048583984375e+01 5.187314224243164062e+01 5.020335388183593750e+01 4.902647781372070312e+01 4.865157699584960938e+01 5.799999833106994629e-01
5.456341552734375000e+01 5.195798873901367188e+01 5.028395080566406250e+01 4.908550643920898438e+01 4.870626831054687500e+01 5.899999737739562988e-01
5.459444808959960938e+01 5.201194381713867188e+01 5.033204650878906250e+01 4.911307144165039062e+01 4.873276901245117188e+01 5.999999642372131348e-01
5.466057968139648438e+01 5.208336257934570312e+01 5.039828491210937500e+01 4.916764831542968750e+01 4.878604888916015625e+01 6.100000143051147461e-01
5.471990203857421875e+01 5.217040252685546875e+01 5.047448348999023438e+01 4.922328948974609375e+01 4.883451843261718750e+01 6.200000047683715820e-01
5.478052902221679688e+01 5.225738143920898438e+01 5.055067443847656250e+01 4.927927780151367188e+01 4.888753509521484375e+01 6.299999952316284180e-01
5.484234237670898438e+01 5.234511947631835938e+01 5.062659454345703125e+01 4.933656311035156250e+01 4.894035339355468750e+01 6.399999856948852539e-01
5.488265991210937500e+01 5.238992309570312500e+01 5.066251373291015625e+01 4.936187744140625000e+01 4.896322250366210938e+01 6.499999761581420898e-01
5.494715118408203125e+01 5.248204421997070312e+01 5.073805999755859375e+01 4.941958618164062500e+01 4.901339340209960938e+01 6.599999666213989258e-01
5.501528930664062500e+01 5.257689285278320312e+01 5.081245040893554688e+01 4.947658920288085938e+01 4.906042098999023438e+01 6.699999570846557617e-01
5.508145523071289062e+01 5.267215347290039062e+01 5.088638305664062500e+01 4.953370285034179688e+01 4.910797119140625000e+01 6.800000071525573730e-01
5.512692642211914062e+01 5.271872329711914062e+01 5.091674041748046875e+01 4.955361557006835938e+01 4.911947250366210938e+01 6.899999976158142090e-01
5.519628143310546875e+01 5.280806350708007812e+01 5.099219512939453125e+01 4.961231231689453125e+01 4.916701889038085938e+01 6.999999880790710449e-01
5.526635742187500000e+01 5.289424896240234375e+01 5.106926345825195312e+01 4.967021942138671875e+01 4.921526718139648438e+01 7.099999785423278809e-01
5.533678436279296875e+01 5.298061370849609375e+01 5.114380645751953125e+01 4.972758483886718750e+01 4.926332855224609375e+01 7.199999690055847168e-01
5.540375900268554688e+01 5.306785583496093750e+01 5.121175384521484375e+01 4.978524398803710938e+01 4.930906295776367188e+01 7.299999594688415527e-01
5.542755508422851562e+01 5.310208129882812500e+01 5.122367477416992188e+01 4.980049514770507812e+01 4.931047821044921875e+01 7.400000095367431641e-01
5.549576568603515625e+01 5.319272994995117188e+01 5.127928924560546875e+01 4.986227035522460938e+01 4.935621261596679688e+01 7.500000000000000000e-01
5.556254577636718750e+01 5.328357315063476562e+01 5.133253097534179688e+01 4.992543792724609375e+01 4.940078735351562500e+01 7.599999904632568359e-01
5.562684249877929688e+01 5.337663650512695312e+01 5.138504791259765625e+01 4.998902511596679688e+01 4.944665908813476562e+01 7.699999809265136719e-01
5.569177627563476562e+01 5.346995544433593750e+01 5.143437957763671875e+01 5.005244064331054688e+01 4.949136734008789062e+01 7.799999713897705078e-01
5.570604324340820312e+01 5.350504684448242188e+01 5.143350219726562500e+01 5.007459640502929688e+01 4.949662399291992188e+01 7.899999618530273438e-01
5.576945877075195312e+01 5.359613037109375000e+01 5.148093795776367188e+01 5.013933944702148438e+01 4.954331588745117188e+01 7.999999523162841797e-01
5.583278656005859375e+01 5.368837356567382812e+01 5.153090667724609375e+01 5.020545959472656250e+01 4.958526611328125000e+01 8.100000023841857910e-01
5.589359283447265625e+01 5.377981185913085938e+01 5.158190155029296875e+01 5.027246856689453125e+01 4.963038635253906250e+01 8.199999928474426270e-01
5.595235443115234375e+01 5.387017440795898438e+01 5.163419723510742188e+01 5.033970260620117188e+01 4.967475128173828125e+01 8.299999833106994629e-01
5.594805526733398438e+01 5.389775085449218750e+01 5.163469314575195312e+01 5.036216354370117188e+01 4.967094421386718750e+01 8.399999737739562988e-01
5.600164031982421875e+01 5.398960113525390625e+01 5.168720245361328125e+01 5.042856597900390625e+01 4.971520996093750000e+01 8.499999642372131348e-01
5.605155944824218750e+01 5.408447647094726562e+01 5.174239730834960938e+01 5.049564361572265625e+01 4.976242065429687500e+01 8.599999547004699707e-01
5.609555435180664062e+01 5.418114852905273438e+01 5.179920196533203125e+01 5.056117630004882812e+01 4.980952453613281250e+01 8.700000047683715820e-01
5.614001464843750000e+01 5.428247070312500000e+01 5.185728454589843750e+01 5.062503814697265625e+01 4.985585784912109375e+01 8.799999952316284180e-01
5.613134384155273438e+01 5.432016754150390625e+01 5.186353683471679688e+01 5.064076995849609375e+01 4.985952377319335938e+01 8.899999856948852539e-01
5.617458724975585938e+01 5.442124176025390625e+01 5.191794967651367188e+01 5.070154571533203125e+01 4.990249252319335938e+01 8.999999761581420898e-01
5.621464157104492188e+01 5.451564025878906250e+01 5.197110748291015625e+01 5.075996398925781250e+01 4.994865417480468750e+01 9.099999666213989258e-01
5.625381088256835938e+01 5.459856033325195312e+01 5.202216339111328125e+01 5.081858062744140625e+01 4.999596405029296875e+01 9.199999570846557617e-01
5.629039764404296875e+01 5.467512893676757812e+01 5.207533645629882812e+01 5.087828063964843750e+01 5.004287338256835938e+01 9.300000071525573730e-01
5.632709503173828125e+01 5.474421691894531250e+01 5.213026046752929688e+01 5.093517303466796875e+01 5.009030151367187500e+01 9.399999976158142090e-01
5.632169342041015625e+01 5.473693084716796875e+01 5.213117218017578125e+01 5.094047546386718750e+01 5.009225082397460938e+01 9.499999880790710449e-01
5.635688018798828125e+01 5.479132843017578125e+01 5.218819427490234375e+01 5.099477767944335938e+01 5.013411331176757812e+01 9.599999785423278809e-01
5.639043045043945312e+01 5.484486007690429688e+01 5.224549102783203125e+01 5.104973602294921875e+01 5.018251800537109375e+01 9.699999690055847168e-01
5.642583465576171875e+01 5.489884567260742188e+01 5.230240249633789062e+01 5.110750579833984375e+01 5.023109054565429688e+01 9.799999594688415527e-01
5.646109390258789062e+01 5.495286178588867188e+01 5.236028671264648438e+01 5.116382598876953125e+01 5.027790451049804688e+01 9.899999499320983887e-01
5.649584960937500000e+01 5.500867462158203125e+01 5.241819381713867188e+01 5.121929550170898438e+01 5.032320404052734375e+01 1.000000000000000000e+00
5.649053573608398438e+01 5.498664474487304688e+01 5.241775512695312500e+01 5.122052764892578125e+01 5.032339859008789062e+01 1.009999990463256836e+00
5.652595520019531250e+01 5.504983139038085938e+01 5.247869110107421875e+01 5.127641296386718750e+01 5.037874603271484375e+01 1.019999980926513672e+00
5.656025314331054688e+01 5.512138748168945312e+01 5.253841400146484375e+01 5.133414459228515625e+01 5.042898941040039062e+01 1.029999971389770508e+00
5.659179306030273438e+01 5.519749069213867188e+01 5.259778976440429688e+01 5.138860321044921875e+01 5.048612594604492188e+01 1.039999961853027344e+00
5.662392807006835938e+01 5.527776718139648438e+01 5.265653228759765625e+01 5.144480514526367188e+01 5.053542327880859375e+01 1.049999952316284180e+00
5.665813827514648438e+01 5.536950302124023438e+01 5.271579360961914062e+01 5.150251770019531250e+01 5.059225082397460938e+01 1.059999942779541016e+00
5.667466735839843750e+01 5.544540786743164062e+01 5.276119232177734375e+01 5.154393768310546875e+01 5.063318634033203125e+01 1.069999933242797852e+00
5.670633316040039062e+01 5.553421401977539062e+01 5.282444763183593750e+01 5.160219192504882812e+01 5.068800354003906250e+01 1.079999923706054688e+00
5.668342971801757812e+01 5.552833557128906250e+01 5.283195877075195312e+01 5.160530090332031250e+01 5.069410705566406250e+01 1.090000033378601074e+00
5.671150970458984375e+01 5.559558105468750000e+01 5.289770889282226562e+01 5.165629577636718750e+01 5.074761199951171875e+01 1.100000023841857910e+00
5.673737716674804688e+01 5.565446853637695312e+01 5.296155166625976562e+01 5.169894790649414062e+01 5.080688095092773438e+01 1.110000014305114746e+00
5.676303863525390625e+01 5.570930099487304688e+01 5.302398681640625000e+01 5.173691940307617188e+01 5.085942840576171875e+01 1.120000004768371582e+00
5.678337478637695312e+01 5.576034164428710938e+01 5.308418273925781250e+01 5.177227020263671875e+01 5.091329574584960938e+01 1.129999995231628418e+00
5.680821228027343750e+01 5.581077194213867188e+01 5.314340209960937500e+01 5.180887985229492188e+01 5.096658325195312500e+01 1.139999985694885254e+00
5.678879165649414062e+01 5.575583267211914062e+01 5.312773132324218750e+01 5.177808380126953125e+01 5.095578765869140625e+01 1.149999976158142090e+00
5.681266784667968750e+01 5.580144882202148438e+01 5.318854904174804688e+01 5.181458663940429688e+01 5.100353622436523438e+01 1.159999966621398926e+00
5.683613967895507812e+01 5.584319686889648438e+01 5.325046157836914062e+01 5.185010910034179688e+01 5.104800796508789062e+01 1.169999957084655762e+00
5.686123275756835938e+01 5.588239288330078125e+01 5.331401443481445312e+01 5.188489151000976562e+01 5.109855651855468750e+01 1.179999947547912598e+00
5.688486862182617188e+01 5.591999816894531250e+01 5.337998580932617188e+01 5.191772079467773438e+01 5.114223098754882812e+01 1.189999938011169434e+00
5.689420700073242188e+01 5.594548034667968750e+01 5.343568801879882812e+01 5.194014739990234375e+01 5.117901992797851562e+01 1.199999928474426270e+00
5.691785430908203125e+01 5.598496627807617188e+01 5.350335693359375000e+01 5.197671508789062500e+01 5.121750259399414062e+01 1.209999918937683105e+00
5.695522689819335938e+01 5.603927993774414062e+01 5.358372497558593750e+01 5.202558898925781250e+01 5.127592086791992188e+01 1.220000028610229492e+00
5.692849731445312500e+01 5.597552871704101562e+01 5.357155990600585938e+01 5.199337005615234375e+01 5.125548553466796875e+01 1.230000019073486328e+00
5.695240402221679688e+01 5.602438354492187500e+01 5.363906097412109375e+01 5.202904510498046875e+01 5.130802536010742188e+01 1.240000009536743164e+00
5.697729873657226562e+01 5.607278823852539062e+01 5.370553207397460938e+01 5.206543731689453125e+01 5.135400390625000000e+01 1.250000000000000000e+00
5.700001144409179688e+01 5.612007904052734375e+01 5.377366638183593750e+01 5.210433578491210938e+01 5.140179061889648438e+01 1.259999990463256836e+00
5.702120971679687500e+01 5.616465759277343750e+01 5.384048843383789062e+01 5.214511489868164062e+01 5.144768905639648438e+01 1.269999980926513672e+00
5.704551315307617188e+01 5.620287322998046875e+01 5.390945434570312500e+01 5.218746566772460938e+01 5.149364852905273438e+01 1.279999971389770508e+00
5.707003784179687500e+01 5.623874282836914062e+01 5.397876739501953125e+01 5.223040008544921875e+01 5.154119110107421875e+01 1.289999961853027344e+00
5.709383773803710938e+01 5.627125930786132812e+01 5.404804611206054688e+01 5.227253723144531250e+01 5.158881378173828125e+01 1.299999952316284180e+00
5.704369354248046875e+01 5.617890548706054688e+01 5.402965545654296875e+01 5.223872756958007812e+01 5.156620025634765625e+01 1.309999942779541016e+00
5.706588363647460938e+01 5.621141052246093750e+01 5.410212326049804688e+01 5.227729797363281250e+01 5.160984802246093750e+01 1.319999933242797852e+00
5.708758926391601562e+01 5.624319458007812500e+01 5.417601776123046875e+01 5.231381988525390625e+01 5.166146087646484375e+01 1.329999923706054688e+00
5.710807418823242188e+01 5.627744674682617188e+01 5.425419998168945312e+01 5.234927368164062500e+01 5.170558166503906250e+01 1.339999914169311523e+00
5.712963104248046875e+01 5.631216812133789062e+01 5.433626174926757812e+01 5.238500213623046875e+01 5.175430679321289062e+01 1.350000023841857910e+00
5.715103912353515625e+01 5.634976196289062500e+01 5.441867065429687500e+01 5.242240905761718750e+01 5.180409622192382812e+01 1.360000014305114746e+00
5.717107772827148438e+01 5.639062881469726562e+01 5.450039291381835938e+01 5.246023178100585938e+01 5.185678482055664062e+01 1.370000004768371582e+00
5.719391632080078125e+01 5.643437576293945312e+01 5.457653808593750000e+01 5.249788665771484375e+01 5.190797424316406250e+01 1.379999995231628418e+00
5.721601867675781250e+01 5.648055267333984375e+01 5.464697265625000000e+01 5.253567886352539062e+01 5.195053863525390625e+01 1.389999985694885254e+00
5.710531234741210938e+01 5.637459182739257812e+01 5.460166549682617188e+01 5.248435974121093750e+01 5.188008117675781250e+01 1.399999976158142090e+00
5.712717819213867188e+01 5.642203140258789062e+01 5.465749359130859375e+01 5.252220535278320312e+01 5.191446685791015625e+01 1.409999966621398926e+00
5.714844894409179688e+01 5.646741867065429688e+01 5.471107101440429688e+01 5.256143951416015625e+01 5.192987060546875000e+01 1.419999957084655762e+00
5.716872406005859375e+01 5.651484298706054688e+01 5.475936889648437500e+01 5.260105514526367188e+01 5.196377944946289062e+01 1.429999947547912598e+00
5.719027709960937500e+01 5.656281661987304688e+01 5.480353927612304688e+01 5.264299774169921875e+01 5.199479293823242188e+01 1.439999938011169434e+00
5.721175765991210938e+01 5.661173248291015625e+01 5.483852005004882812e+01 5.268589401245117188e+01 5.202027511596679688e+01 1.449999928474426270e+00
5.723234176635742188e+01 5.666093444824218750e+01 5.487235641479492188e+01 5.273053741455078125e+01 5.205013275146484375e+01 1.459999918937683105e+00
5.725109481811523438e+01 5.671043014526367188e+01 5.490679550170898438e+01 5.277579498291015625e+01 5.208308410644531250e+01 1.469999909400939941e+00
5.727052688598632812e+01 5.676017761230468750e+01 5.494137191772460938e+01 5.282176971435546875e+01 5.210756683349609375e+01 1.480000019073486328e+00
5.728956604003906250e+01 5.681031417846679688e+01 5.497657775878906250e+01 5.286781311035156250e+01 5.213257598876953125e+01 1.490000009536743164e+00
5.724112701416015625e+01 5.673588180541992188e+01 5.489890670776367188e+01 5.282351684570312500e+01 5.208056640625000000e+01 1.500000000000000000e+00
5.725831604003906250e+01 5.678871917724609375e+01 5.493724060058593750e+01 5.287170410156250000e+01 5.211065292358398438e+01 1.509999990463256836e+00
5.727867889404296875e+01 5.684085464477539062e+01 5.497358322143554688e+01 5.292196273803710938e+01 5.214688873291015625e+01 1.519999980926513672e+00
5.729921722412109375e+01 5.689448165893554688e+01 5.501840209960937500e+01 5.297220993041992188e+01 5.217671585083007812e+01 1.529999971389770508e+00
5.731719589233398438e+01 5.694745254516601562e+01 5.506455612182617188e+01 5.302426910400390625e+01 5.220445251464843750e+01 1.539999961853027344e+00
5.733612442016601562e+01 5.700076293945312500e+01 5.511784744262695312e+01 5.307594680786132812e+01 5.223119354248046875e+01 1.549999952316284180e+00
5.735005950927734375e+01 5.705276107788085938e+01 5.517637634277343750e+01 5.312680053710937500e+01 5.226291656494140625e+01 1.559999942779541016e+00
5.736819076538085938e+01 5.710590744018554688e+01 5.523653411865234375e+01 5.317532730102539062e+01 5.229512023925781250e+01 1.569999933242797852e+00
5.738758850097656250e+01 5.715930938720703125e+01 5.530198287963867188e+01 5.322008895874023438e+01 5.232940673828125000e+01 1.579999923706054688e+00
5.740598678588867188e+01 5.721202468872070312e+01 5.536467742919921875e+01 5.326305389404296875e+01 5.236560058593750000e+01 1.589999914169311523e+00
5.742664337158203125e+01 5.726594161987304688e+01 5.542531585693359375e+01 5.330413436889648438e+01 5.240552520751953125e+01 1.599999904632568359e+00
5.739767456054687500e+01 5.721255493164062500e+01 5.534418869018554688e+01 5.324292373657226562e+01 5.234628295898437500e+01 1.610000014305114746e+00
5.741734313964843750e+01 5.727006149291992188e+01 5.538710784912109375e+01 5.328396224975585938e+01 5.237994766235351562e+01 1.620000004768371582e+00
5.744013595581054688e+01 5.732584762573242188e+01 5.542219924926757812e+01 5.332739639282226562e+01 5.241075897216796875e+01 1.629999995231628418e+00
5.746067428588867188e+01 5.737992858886718750e+01 5.545501327514648438e+01 5.337183380126953125e+01 5.244087219238281250e+01 1.639999985694885254e+00
5.748248291015625000e+01 5.742869186401367188e+01 5.548533630371093750e+01 5.341824340820312500e+01 5.246890640258789062e+01 1.649999976158142090e+00
5.750374984741210938e+01 5.747216415405273438e+01 5.551484298706054688e+01 5.346522140502929688e+01 5.249428558349609375e+01 1.659999966621398926e+00
5.752405166625976562e+01 5.751051712036132812e+01 5.554734039306640625e+01 5.351500701904296875e+01 5.252386093139648438e+01 1.669999957084655762e+00
5.754449462890625000e+01 5.754508209228515625e+01 5.557918930053710938e+01 5.356571197509765625e+01 5.255855941772460938e+01 1.679999947547912598e+00
5.756381225585937500e+01 5.757684707641601562e+01 5.561123657226562500e+01 5.361720275878906250e+01 5.259305191040039062e+01 1.689999938011169434e+00
5.758506774902343750e+01 5.760577011108398438e+01 5.564089965820312500e+01 5.366861343383789062e+01 5.262364959716796875e+01 1.699999928474426270e+00
5.760577774047851562e+01 5.763286209106445312e+01 5.566870880126953125e+01 5.372137832641601562e+01 5.265589523315429688e+01 1.709999918937683105e+00
5.762628173828125000e+01 5.765911102294921875e+01 5.569350814819335938e+01 5.377385711669921875e+01 5.268716430664062500e+01 1.719999909400939941e+00
5.758507537841796875e+01 5.755393981933593750e+01 5.545103454589843750e+01 5.361183547973632812e+01 5.253376007080078125e+01 1.730000019073486328e+00
5.760652160644531250e+01 5.758282089233398438e+01 5.547576904296875000e+01 5.366436004638671875e+01 5.256121444702148438e+01 1.740000009536743164e+00
5.762752151489257812e+01 5.761180877685546875e+01 5.550111770629882812e+01 5.371704101562500000e+01 5.258835220336914062e+01 1.750000000000000000e+00
5.764655685424804688e+01 5.764022445678710938e+01 5.552942657470703125e+01 5.377024841308593750e+01 5.261893844604492188e+01 1.759999990463256836e+00
5.766196060180664062e+01 5.766811752319335938e+01 5.555927276611328125e+01 5.382424545288085938e+01 5.265302658081054688e+01 1.769999980926513672e+00
5.767548751831054688e+01 5.769526290893554688e+01 5.559117507934570312e+01 5.387756729125976562e+01 5.268832397460937500e+01 1.779999971389770508e+00
5.769197082519531250e+01 5.772124481201171875e+01 5.562698364257812500e+01 5.393165969848632812e+01 5.272164916992187500e+01 1.789999961853027344e+00
5.770260620117187500e+01 5.774674606323242188e+01 5.566329956054687500e+01 5.398543167114257812e+01 5.276511383056640625e+01 1.799999952316284180e+00
5.771796035766601562e+01 5.777076721191406250e+01 5.569998168945312500e+01 5.403934097290039062e+01 5.280393218994140625e+01 1.809999942779541016e+00
5.773398208618164062e+01 5.779325103759765625e+01 5.573663711547851562e+01 5.409247970581054688e+01 5.283646011352539062e+01 1.819999933242797852e+00
5.774777984619140625e+01 5.781427764892578125e+01 5.577013397216796875e+01 5.414812469482421875e+01 5.286994552612304688e+01 1.829999923706054688e+00
5.769871902465820312e+01 5.777180480957031250e+01 5.570204544067382812e+01 5.411836242675781250e+01 5.283856964111328125e+01 1.839999914169311523e+00
5.771351242065429688e+01 5.779122161865234375e+01 5.573085784912109375e+01 5.417634963989257812e+01 5.288222503662109375e+01 1.849999904632568359e+00
5.772894668579101562e+01 5.781022644042968750e+01 5.575557708740234375e+01 5.423578262329101562e+01 5.292965316772460938e+01 1.860000014305114746e+00
5.774063873291015625e+01 5.782911300659179688e+01 5.577946472167968750e+01 5.429835510253906250e+01 5.297393035888671875e+01 1.870000004768371582e+00
5.775305938720703125e+01 5.784769439697265625e+01 5.580215072631835938e+01 5.436057662963867188e+01 5.301695251464843750e+01 1.879999995231628418e+00
5.776791000366210938e+01 5.786610412597656250e+01 5.582470321655273438e+01 5.442163085937500000e+01 5.305971145629882812e+01 1.889999985694885254e+00
5.778121566772460938e+01 5.788413619995117188e+01 5.584722137451171875e+01 5.448011016845703125e+01 5.310624313354492188e+01 1.899999976158142090e+00
5.777370834350585938e+01 5.788182449340820312e+01 5.582490158081054688e+01 5.449949645996093750e+01 5.311877822875976562e+01 1.909999966621398926e+00
5.778733825683593750e+01 5.789961242675781250e+01 5.584897994995117188e+01 5.455116271972656250e+01 5.316036224365234375e+01 1.919999957084655762e+00
5.780058670043945312e+01 5.791655731201171875e+01 5.587462234497070312e+01 5.459901046752929688e+01 5.319452667236328125e+01 1.929999947547912598e+00
5.781233978271484375e+01 5.793310928344726562e+01 5.590024566650390625e+01 5.464403152465820312e+01 5.322648239135742188e+01 1.939999938011169434e+00
5.782317733764648438e+01 5.794884490966796875e+01 5.592882156372070312e+01 5.468790435791015625e+01 5.326190948486328125e+01 1.949999928474426270e+00
5.783587265014648438e+01 5.796399307250976562e+01 5.596052169799804688e+01 5.473116683959960938e+01 5.329674911499023438e+01 1.959999918937683105e+00
5.772890853881835938e+01 5.783218002319335938e+01 5.587306213378906250e+01 5.468058776855468750e+01 5.326124572753906250e+01 1.969999909400939941e+00
5.774305725097656250e+01 5.784622573852539062e+01 5.590812683105468750e+01 5.470880889892578125e+01 5.329169464111328125e+01 1.979999899864196777e+00
5.775634384155273438e+01 5.785994338989257812e+01 5.594639968872070312e+01 5.473363876342773438e+01 5.332700347900390625e+01 1.990000009536743164e+00
5.776972198486328125e+01 5.787339401245117188e+01 5.598438644409179688e+01 5.475666809082031250e+01 5.336424255371093750e+01 2.000000000000000000e+00
5.778321075439453125e+01 5.788665390014648438e+01 5.602232742309570312e+01 5.478102493286132812e+01 5.339473724365234375e+01 2.009999990463256836e+00
5.779594039916992188e+01 5.789986801147460938e+01 5.606106948852539062e+01 5.480766677856445312e+01 5.342713165283203125e+01 2.019999980926513672e+00
5.782771301269531250e+01 5.794380569458007812e+01 5.599708938598632812e+01 5.474944305419921875e+01 5.339145278930664062e+01 2.029999971389770508e+00
5.783937835693359375e+01 5.795816421508789062e+01 5.603498458862304688e+01 5.477350234985351562e+01 5.343267440795898438e+01 2.039999961853027344e+00
5.785095977783203125e+01 5.797242355346679688e+01 5.607482910156250000e+01 5.480265045166015625e+01 5.347839736938476562e+01 2.049999952316284180e+00
5.786314392089843750e+01 5.798638916015625000e+01 5.611577606201171875e+01 5.483102416992187500e+01 5.352423858642578125e+01 2.059999942779541016e+00
5.787324523925781250e+01 5.799983215332031250e+01 5.615644454956054688e+01 5.486231994628906250e+01 5.356900024414062500e+01 2.069999933242797852e+00
5.788422393798828125e+01 5.801301956176757812e+01 5.619888687133789062e+01 5.489871597290039062e+01 5.361346054077148438e+01 2.079999923706054688e+00
5.789499664306640625e+01 5.802566146850585938e+01 5.624037551879882812e+01 5.493685150146484375e+01 5.365765762329101562e+01 2.089999914169311523e+00
5.792840576171875000e+01 5.806045913696289062e+01 5.616932678222656250e+01 5.488771057128906250e+01 5.362408065795898438e+01 2.099999904632568359e+00
5.794032669067382812e+01 5.807329177856445312e+01 5.621196365356445312e+01 5.493093872070312500e+01 5.366703796386718750e+01 2.109999895095825195e+00
5.795024871826171875e+01 5.808585357666015625e+01 5.625600051879882812e+01 5.497572708129882812e+01 5.371094512939453125e+01 2.119999885559082031e+00
5.795551681518554688e+01 5.809241867065429688e+01 5.629714965820312500e+01 5.501712417602539062e+01 5.374716949462890625e+01 2.129999876022338867e+00
5.796565246582031250e+01 5.810417938232421875e+01 5.634399414062500000e+01 5.506717681884765625e+01 5.379315185546875000e+01 2.139999866485595703e+00
5.797611618041992188e+01 5.811568832397460938e+01 5.639245986938476562e+01 5.511479187011718750e+01 5.383955383300781250e+01 2.149999856948852539e+00
5.798712158203125000e+01 5.812687683105468750e+01 5.644086456298828125e+01 5.516316986083984375e+01 5.388773727416992188e+01 2.159999847412109375e+00
5.799743652343750000e+01 5.813821029663085938e+01 5.648948287963867188e+01 5.520325469970703125e+01 5.393638992309570312e+01 2.169999837875366211e+00
5.802975082397460938e+01 5.819116973876953125e+01 5.642892456054687500e+01 5.514382553100585938e+01 5.391239547729492188e+01 2.180000066757202148e+00
5.804219436645507812e+01 5.820231246948242188e+01 5.647983551025390625e+01 5.517036437988281250e+01 5.395677185058593750e+01 2.190000057220458984e+00
5.805286026000976562e+01 5.821319580078125000e+01 5.653028106689453125e+01 5.519084930419921875e+01 5.400301742553710938e+01 2.200000047683715820e+00
5.806532287597656250e+01 5.822373962402343750e+01 5.658097839355468750e+01 5.520959854125976562e+01 5.404841613769531250e+01 2.210000038146972656e+00
5.807792663574218750e+01 5.823416900634765625e+01 5.663177108764648438e+01 5.522867584228515625e+01 5.409543991088867188e+01 2.220000028610229492e+00
5.809020996093750000e+01 5.824440765380859375e+01 5.668447113037109375e+01 5.524642944335937500e+01 5.414245223999023438e+01 2.230000019073486328e+00
5.810376358032226562e+01 5.825458145141601562e+01 5.673909759521484375e+01 5.526530456542968750e+01 5.419026184082031250e+01 2.240000009536743164e+00
5.814826583862304688e+01 5.832822799682617188e+01 5.666037368774414062e+01 5.517564392089843750e+01 5.415384292602539062e+01 2.250000000000000000e+00
5.815993118286132812e+01 5.833869934082031250e+01 5.671748352050781250e+01 5.519320678710937500e+01 5.420725250244140625e+01 2.259999990463256836e+00
5.817268371582031250e+01 5.834865951538085938e+01 5.677783203125000000e+01 5.521108627319335938e+01 5.425544738769531250e+01 2.269999980926513672e+00
5.818581390380859375e+01 5.835843658447265625e+01 5.684034729003906250e+01 5.522827911376953125e+01 5.429985046386718750e+01 2.279999971389770508e+00
5.819949340820312500e+01 5.836783218383789062e+01 5.690276336669921875e+01 5.524083709716796875e+01 5.434122467041015625e+01 2.289999961853027344e+00
5.821316146850585938e+01 5.837703323364257812e+01 5.696363830566406250e+01 5.525163650512695312e+01 5.438861083984375000e+01 2.299999952316284180e+00
5.822786331176757812e+01 5.838589859008789062e+01 5.702053833007812500e+01 5.526073837280273438e+01 5.443660736083984375e+01 2.309999942779541016e+00
5.828791046142578125e+01 5.842922210693359375e+01 5.691182708740234375e+01 5.514606475830078125e+01 5.437285995483398438e+01 2.319999933242797852e+00
5.830315399169921875e+01 5.843777847290039062e+01 5.696208572387695312e+01 5.515631103515625000e+01 5.440150070190429688e+01 2.329999923706054688e+00
5.831785964965820312e+01 5.844641494750976562e+01 5.700897216796875000e+01 5.516949844360351562e+01 5.444260025024414062e+01 2.339999914169311523e+00
5.833445358276367188e+01 5.845449829101562500e+01 5.705480957031250000e+01 5.518362426757812500e+01 5.448802566528320312e+01 2.349999904632568359e+00
5.835144805908203125e+01 5.846232223510742188e+01 5.709838104248046875e+01 5.519984054565429688e+01 5.453470611572265625e+01 2.359999895095825195e+00
5.836809539794921875e+01 5.847019577026367188e+01 5.714140319824218750e+01 5.521903228759765625e+01 5.456980133056640625e+01 2.369999885559082031e+00
5.838320159912109375e+01 5.847805023193359375e+01 5.718134307861328125e+01 5.523959732055664062e+01 5.459119415283203125e+01 2.379999876022338867e+00
5.839511871337890625e+01 5.848115921020507812e+01 5.721654129028320312e+01 5.525822448730468750e+01 5.459331893920898438e+01 2.389999866485595703e+00
5.841016006469726562e+01 5.848902130126953125e+01 5.725502395629882812e+01 5.528365707397460938e+01 5.460064315795898438e+01 2.399999856948852539e+00
5.842727661132812500e+01 5.849659347534179688e+01 5.729444503784179688e+01 5.531042480468750000e+01 5.462309265136718750e+01 2.409999847412109375e+00
5.848959732055664062e+01 5.856128311157226562e+01 5.717060089111328125e+01 5.520320129394531250e+01 5.454519653320312500e+01 2.419999837875366211e+00
5.850829315185546875e+01 5.856896209716796875e+01 5.721254348754882812e+01 5.522883224487304688e+01 5.457606506347656250e+01 2.429999828338623047e+00
5.853069686889648438e+01 5.858081436157226562e+01 5.725841903686523438e+01 5.525716018676757812e+01 5.460596084594726562e+01 2.440000057220458984e+00
5.854825592041015625e+01 5.858785247802734375e+01 5.730091857910156250e+01 5.527874755859375000e+01 5.462453842163085938e+01 2.450000047683715820e+00
5.856680297851562500e+01 5.859476089477539062e+01 5.734446716308593750e+01 5.529727554321289062e+01 5.463555526733398438e+01 2.460000038146972656e+00
5.858666229248046875e+01 5.860164642333984375e+01 5.738684082031250000e+01 5.531316757202148438e+01 5.466007614135742188e+01 2.470000028610229492e+00
5.860610198974609375e+01 5.860847854614257812e+01 5.743052673339843750e+01 5.532789611816406250e+01 5.468749237060546875e+01 2.480000019073486328e+00
5.862552261352539062e+01 5.861520767211914062e+01 5.747323989868164062e+01 5.533992385864257812e+01 5.470922088623046875e+01 2.490000009536743164e+00
5.863430404663085938e+01 5.866326522827148438e+01 5.734918975830078125e+01 5.520699691772460938e+01 5.461738586425781250e+01 2.500000000000000000e+00
5.865446853637695312e+01 5.866966629028320312e+01 5.739162063598632812e+01 5.521953582763671875e+01 5.465489196777343750e+01 2.509999990463256836e+00
5.867567062377929688e+01 5.867567062377929688e+01 5.743362045288085938e+01 5.523167037963867188e+01 5.468785858154296875e+01 2.519999980926513672e+00
5.869672393798828125e+01 5.868169403076171875e+01 5.747162628173828125e+01 5.524510955810546875e+01 5.472572708129882812e+01 2.529999971389770508e+00
5.871776199340820312e+01 5.868749237060546875e+01 5.750916290283203125e+01 5.526006698608398438e+01 5.477019119262695312e+01 2.539999961853027344e+00
5.872920989990234375e+01 5.867904663085937500e+01 5.749996566772460938e+01 5.524346923828125000e+01 5.478281402587890625e+01 2.549999952316284180e+00
5.875036621093750000e+01 5.868501281738281250e+01 5.753425598144531250e+01 5.525975036621093750e+01 5.481129455566406250e+01 2.559999942779541016e+00
5.877136993408203125e+01 5.869075775146484375e+01 5.757002258300781250e+01 5.527651596069335938e+01 5.485315704345703125e+01 2.569999933242797852e+00
5.879323196411132812e+01 5.869645690917968750e+01 5.760634231567382812e+01 5.529495620727539062e+01 5.490126037597656250e+01 2.579999923706054688e+00
5.881486892700195312e+01 5.870206451416015625e+01 5.764416503906250000e+01 5.531393432617187500e+01 5.494569396972656250e+01 2.589999914169311523e+00
5.879885101318359375e+01 5.866796493530273438e+01 5.752910232543945312e+01 5.522130203247070312e+01 5.487815856933593750e+01 2.599999904632568359e+00
5.882257461547851562e+01 5.867417144775390625e+01 5.756940460205078125e+01 5.524468994140625000e+01 5.490313339233398438e+01 2.609999895095825195e+00
5.884510803222656250e+01 5.868031311035156250e+01 5.761002349853515625e+01 5.526973342895507812e+01 5.491476058959960938e+01 2.619999885559082031e+00
5.886774063110351562e+01 5.868668365478515625e+01 5.765073013305664062e+01 5.529634857177734375e+01 5.491963195800781250e+01 2.629999876022338867e+00
5.889159011840820312e+01 5.869296264648437500e+01 5.769164276123046875e+01 5.532337188720703125e+01 5.492578887939453125e+01 2.639999866485595703e+00
5.891447067260742188e+01 5.869949340820312500e+01 5.773157119750976562e+01 5.535133361816406250e+01 5.493310928344726562e+01 2.649999856948852539e+00
5.893635940551757812e+01 5.870594787597656250e+01 5.777212142944335938e+01 5.537858581542968750e+01 5.494412231445312500e+01 2.659999847412109375e+00
5.895994186401367188e+01 5.871245574951171875e+01 5.781179428100585938e+01 5.540615844726562500e+01 5.495887756347656250e+01 2.669999837875366211e+00
5.898469543457031250e+01 5.871880722045898438e+01 5.785091400146484375e+01 5.543243408203125000e+01 5.497508621215820312e+01 2.679999828338623047e+00
5.900833892822265625e+01 5.872541046142578125e+01 5.788805007934570312e+01 5.545891571044921875e+01 5.499369812011718750e+01 2.690000057220458984e+00
5.903352737426757812e+01 5.873180389404296875e+01 5.792417907714843750e+01 5.548607254028320312e+01 5.500609207153320312e+01 2.700000047683715820e+00
5.905767440795898438e+01 5.873816299438476562e+01 5.795851516723632812e+01 5.551372146606445312e+01 5.502005004882812500e+01 2.710000038146972656e+00
5.908386993408203125e+01 5.874488067626953125e+01 5.799182891845703125e+01 5.554329681396484375e+01 5.503661727905273438e+01 2.720000028610229492e+00
5.903203582763671875e+01 5.866742324829101562e+01 5.765029525756835938e+01 5.524449539184570312e+01 5.476752471923828125e+01 2.730000019073486328e+00
5.905661773681640625e+01 5.867424392700195312e+01 5.768666458129882812e+01 5.527379226684570312e+01 5.477740478515625000e+01 2.740000009536743164e+00
5.908169555664062500e+01 5.868089294433593750e+01 5.772501373291015625e+01 5.530231857299804688e+01 5.478452682495117188e+01 2.750000000000000000e+00
5.910839462280273438e+01 5.868782043457031250e+01 5.776268768310546875e+01 5.533139801025390625e+01 5.478657913208007812e+01 2.759999990463256836e+00
5.913420486450195312e+01 5.869492340087890625e+01 5.780278396606445312e+01 5.535962677001953125e+01 5.478777694702148438e+01 2.769999980926513672e+00
5.916146469116210938e+01 5.870232772827148438e+01 5.784230804443359375e+01 5.538890075683593750e+01 5.478892517089843750e+01 2.779999971389770508e+00
5.918687820434570312e+01 5.870942306518554688e+01 5.788406372070312500e+01 5.541996765136718750e+01 5.480837249755859375e+01 2.789999961853027344e+00
5.921187210083007812e+01 5.871680450439453125e+01 5.792639923095703125e+01 5.545118331909179688e+01 5.482079315185546875e+01 2.799999952316284180e+00
5.923683929443359375e+01 5.872408676147460938e+01 5.797044372558593750e+01 5.548346710205078125e+01 5.482870864868164062e+01 2.809999942779541016e+00
5.926139831542968750e+01 5.873091125488281250e+01 5.801407241821289062e+01 5.551511001586914062e+01 5.483564758300781250e+01 2.819999933242797852e+00
5.928585815429687500e+01 5.873818588256835938e+01 5.805695343017578125e+01 5.554822540283203125e+01 5.484486007690429688e+01 2.829999923706054688e+00
5.930994796752929688e+01 5.874533081054687500e+01 5.809934234619140625e+01 5.557997512817382812e+01 5.485588836669921875e+01 2.839999914169311523e+00
5.933018493652343750e+01 5.875234222412109375e+01 5.814016723632812500e+01 5.561178588867187500e+01 5.487082672119140625e+01 2.849999904632568359e+00
5.935215377807617188e+01 5.875955581665039062e+01 5.818121337890625000e+01 5.564366912841796875e+01 5.489330673217773438e+01 2.859999895095825195e+00
5.937432098388671875e+01 5.876647949218750000e+01 5.821918869018554688e+01 5.567610931396484375e+01 5.491688919067382812e+01 2.869999885559082031e+00
5.939707946777343750e+01 5.877303695678710938e+01 5.825780105590820312e+01 5.570923614501953125e+01 5.493908309936523438e+01 2.879999876022338867e+00
5.941989135742187500e+01 5.877997207641601562e+01 5.829640579223632812e+01 5.574187469482421875e+01 5.496024322509765625e+01 2.889999866485595703e+00
5.944119644165039062e+01 5.878645324707031250e+01 5.833440780639648438e+01 5.577617263793945312e+01 5.497841262817382812e+01 2.899999856948852539e+00
5.882270431518554688e+01 5.817037963867187500e+01 5.778894042968750000e+01 5.541647338867187500e+01 5.469773864746093750e+01 2.909999847412109375e+00
5.884115982055664062e+01 5.817674636840820312e+01 5.782529449462890625e+01 5.544737625122070312e+01 5.471339035034179688e+01 2.919999837875366211e+00
5.885894775390625000e+01 5.818235015869140625e+01 5.786226272583007812e+01 5.547814559936523438e+01 5.472212982177734375e+01 2.929999828338623047e+00
5.887726593017578125e+01 5.818814849853515625e+01 5.789886474609375000e+01 5.551057052612304688e+01 5.473144912719726562e+01 2.939999818801879883e+00
5.889697265625000000e+01 5.819446563720703125e+01 5.793499374389648438e+01 5.554360580444335938e+01 5.474118804931640625e+01 2.950000047683715820e+00
5.891796875000000000e+01 5.820077133178710938e+01 5.796891784667968750e+01 5.557771682739257812e+01 5.474837112426757812e+01 2.960000038146972656e+00
5.893866729736328125e+01 5.820684051513671875e+01 5.800273513793945312e+01 5.561220169067382812e+01 5.475476074218750000e+01 2.970000028610229492e+00
5.895918655395507812e+01 5.821383666992187500e+01 5.803499221801757812e+01 5.564879989624023438e+01 5.476048278808593750e+01 2.980000019073486328e+00
5.897826385498046875e+01 5.822035598754882812e+01 5.806544876098632812e+01 5.568634033203125000e+01 5.477042007446289062e+01 2.990000009536743164e+00
5.899651718139648438e+01 5.822744369506835938e+01 5.809363937377929688e+01 5.572338867187500000e+01 5.478089141845703125e+01 3.000000000000000000e+00
5.901614761352539062e+01 5.823427200317382812e+01 5.812079620361328125e+01 5.576206588745117188e+01 5.478732681274414062e+01 3.009999990463256836e+00
5.903566741943359375e+01 5.824113082885742188e+01 5.814568328857421875e+01 5.579999542236328125e+01 5.479703521728515625e+01 3.019999980926513672e+00
5.905471801757812500e+01 5.824869155883789062e+01 5.816898345947265625e+01 5.583677291870117188e+01 5.481246566772460938e+01 3.029999971389770508e+00
5.907307052612304688e+01 5.825547790527343750e+01 5.819113159179687500e+01 5.587068176269531250e+01 5.482220458984375000e+01 3.039999961853027344e+00
5.909117507934570312e+01 5.826278686523437500e+01 5.821143341064453125e+01 5.590384674072265625e+01 5.482873916625976562e+01 3.049999952316284180e+00
5.910997009277343750e+01 5.827011489868164062e+01 5.823165512084960938e+01 5.593558502197265625e+01 5.483914566040039062e+01 3.059999942779541016e+00
5.912757873535156250e+01 5.827684783935546875e+01 5.825122451782226562e+01 5.596688079833984375e+01 5.484985733032226562e+01 3.069999933242797852e+00
5.914431381225585938e+01 5.828343963623046875e+01 5.826943588256835938e+01 5.599745559692382812e+01 5.486149978637695312e+01 3.079999923706054688e+00
5.916178131103515625e+01 5.829099655151367188e+01 5.828544998168945312e+01 5.602832031250000000e+01 5.487717819213867188e+01 3.089999914169311523e+00
5.914982604980468750e+01 5.835474395751953125e+01 5.828904342651367188e+01 5.564878082275390625e+01 5.459659576416015625e+01 3.099999904632568359e+00
