#     Mag U    Mag U    Mag U    Mag U    Mag U    Redshift
9.488154411315917969e+00 7.580418109893798828e+00 6.759943962097167969e+00 6.329820632934570312e+00 6.115306854248046875e+00 0.000000000000000000e+00
4.419976043701171875e+01 4.229529571533203125e+01 4.145160675048828125e+01 4.102074050903320312e+01 4.080725097656250000e+01 9.999999776482582092e-03
4.510290145874023438e+01 4.320568466186523438e+01 4.233823394775390625e+01 4.190809249877929688e+01 4.169314193725585938e+01 1.999999955296516418e-02
4.575365447998046875e+01 4.385239028930664062e+01 4.296026992797851562e+01 4.252895736694335938e+01 4.230691528320312500e+01 2.999999932944774628e-02
4.629758071899414062e+01 4.438843154907226562e+01 4.347224807739257812e+01 4.303985595703125000e+01 4.281258773803710938e+01 3.999999910593032837e-02
4.672720336914062500e+01 4.481107711791992188e+01 4.387240219116210938e+01 4.343833160400390625e+01 4.320651245117187500e+01 4.999999701976776123e-02
4.712401962280273438e+01 4.519483184814453125e+01 4.423661804199218750e+01 4.379675292968750000e+01 4.355684661865234375e+01 5.999999865889549255e-02
4.744906616210937500e+01 4.550627517700195312e+01 4.453532028198242188e+01 4.408839797973632812e+01 4.384103775024414062e+01 7.000000029802322388e-02
4.776684188842773438e+01 4.581183624267578125e+01 4.482226562500000000e+01 4.436660766601562500e+01 4.411515045166015625e+01 7.999999821186065674e-02
4.803137588500976562e+01 4.606680679321289062e+01 4.505810165405273438e+01 4.459573364257812500e+01 4.434316635131835938e+01 8.999999612569808960e-02
4.830329513549804688e+01 4.632564544677734375e+01 4.529330444335937500e+01 4.482698440551757812e+01 4.456859970092773438e+01 9.999999403953552246e-02
4.853411102294921875e+01 4.654307937622070312e+01 4.548657226562500000e+01 4.502034378051757812e+01 4.475811386108398438e+01 1.099999994039535522e-01
4.878101730346679688e+01 4.677262878417968750e+01 4.568840789794921875e+01 4.522245788574218750e+01 4.495200729370117188e+01 1.199999973177909851e-01
4.902042007446289062e+01 4.699113082885742188e+01 4.587925720214843750e+01 4.540997695922851562e+01 4.513564682006835938e+01 1.299999952316284180e-01
4.922123336791992188e+01 4.717183685302734375e+01 4.603506088256835938e+01 4.556175613403320312e+01 4.528499221801757812e+01 1.400000005960464478e-01
4.931310653686523438e+01 4.723695373535156250e+01 4.607080841064453125e+01 4.558818054199218750e+01 4.531095504760742188e+01 1.499999910593032837e-01
4.963446807861328125e+01 4.753925704956054688e+01 4.634144592285156250e+01 4.584991836547851562e+01 4.557692718505859375e+01 1.599999964237213135e-01
4.984732437133789062e+01 4.772349929809570312e+01 4.649312210083007812e+01 4.599109268188476562e+01 4.572356796264648438e+01 1.700000017881393433e-01
5.001902389526367188e+01 4.787277603149414062e+01 4.661510848999023438e+01 4.610293960571289062e+01 4.584071350097656250e+01 1.799999922513961792e-01
5.021458435058593750e+01 4.804599380493164062e+01 4.675655364990234375e+01 4.623344039916992188e+01 4.597387695312500000e+01 1.899999976158142090e-01
5.037390518188476562e+01 4.818583297729492188e+01 4.686703491210937500e+01 4.633549499511718750e+01 4.607653045654296875e+01 1.999999880790710449e-01
5.056198883056640625e+01 4.835073852539062500e+01 4.699698257446289062e+01 4.645589447021484375e+01 4.619711685180664062e+01 2.099999934434890747e-01
5.074604415893554688e+01 4.851218795776367188e+01 4.712205505371093750e+01 4.657102203369140625e+01 4.631388473510742188e+01 2.199999988079071045e-01
5.089054870605468750e+01 4.864001464843750000e+01 4.721635055541992188e+01 4.665880203247070312e+01 4.640056228637695312e+01 2.299999892711639404e-01
5.107155990600585938e+01 4.879245758056640625e+01 4.733433914184570312e+01 4.676670455932617188e+01 4.650732803344726562e+01 2.399999946355819702e-01
5.121262359619140625e+01 4.890685653686523438e+01 4.742271423339843750e+01 4.684672927856445312e+01 4.658906555175781250e+01 2.500000000000000000e-01
5.138906860351562500e+01 4.904899215698242188e+01 4.753541183471679688e+01 4.694844436645507812e+01 4.669340896606445312e+01 2.599999904632568359e-01
5.148722076416015625e+01 4.911348342895507812e+01 4.757294845581054688e+01 4.697395324707031250e+01 4.672264480590820312e+01 2.699999809265136719e-01
5.169298553466796875e+01 4.928761291503906250e+01 4.772774124145507812e+01 4.711874771118164062e+01 4.687224197387695312e+01 2.800000011920928955e-01
5.185962295532226562e+01 4.941700744628906250e+01 4.783573532104492188e+01 4.721297454833984375e+01 4.696818542480468750e+01 2.899999916553497314e-01
5.196140289306640625e+01 4.947815704345703125e+01 4.787622833251953125e+01 4.723970794677734375e+01 4.699393463134765625e+01 2.999999821186065674e-01
5.214185333251953125e+01 4.963375473022460938e+01 4.801569366455078125e+01 4.737027359008789062e+01 4.711931610107421875e+01 3.100000023841857910e-01
5.229914855957031250e+01 4.975672149658203125e+01 4.811421585083007812e+01 4.745846557617187500e+01 4.719928741455078125e+01 3.199999928474426270e-01
5.241253280639648438e+01 4.984217071533203125e+01 4.817964935302734375e+01 4.751806259155273438e+01 4.724992370605468750e+01 3.299999833106994629e-01
5.255480575561523438e+01 4.996313095092773438e+01 4.827325820922851562e+01 4.760228729248046875e+01 4.732597351074218750e+01 3.400000035762786865e-01
5.267937850952148438e+01 5.008340454101562500e+01 4.836645126342773438e+01 4.768494033813476562e+01 4.740333938598632812e+01 3.499999940395355225e-01
5.276431655883789062e+01 5.016494750976562500e+01 4.842881011962890625e+01 4.774032974243164062e+01 4.745707702636718750e+01 3.599999845027923584e-01
5.287802124023437500e+01 5.028459167480468750e+01 4.851973342895507812e+01 4.782152938842773438e+01 4.753113937377929688e+01 3.700000047683715820e-01
5.298400497436523438e+01 5.039919662475585938e+01 4.861025619506835938e+01 4.790207290649414062e+01 4.760092544555664062e+01 3.799999952316284180e-01
5.305380630493164062e+01 5.046337127685546875e+01 4.867177200317382812e+01 4.795369720458984375e+01 4.764429473876953125e+01 3.899999856948852539e-01
5.316054153442382812e+01 5.055944824218750000e+01 4.876579666137695312e+01 4.803052139282226562e+01 4.771244812011718750e+01 3.999999761581420898e-01
5.327067947387695312e+01 5.065161132812500000e+01 4.885996627807617188e+01 4.810509872436523438e+01 4.778045654296875000e+01 4.099999964237213135e-01
5.334552001953125000e+01 5.070001220703125000e+01 4.892276000976562500e+01 4.814900970458984375e+01 4.782153701782226562e+01 4.199999868869781494e-01
5.346305084228515625e+01 5.078567504882812500e+01 4.901869583129882812e+01 4.822039794921875000e+01 4.788783264160156250e+01 4.299999773502349854e-01
5.357558822631835938e+01 5.086924362182617188e+01 4.911579132080078125e+01 4.829146194458007812e+01 4.795355606079101562e+01 4.399999976158142090e-01
5.368778228759765625e+01 5.095429611206054688e+01 4.921142959594726562e+01 4.836116790771484375e+01 4.801553726196289062e+01 4.499999880790710449e-01
5.376424026489257812e+01 5.099757385253906250e+01 4.927194595336914062e+01 4.840070343017578125e+01 4.805361175537109375e+01 4.599999785423278809e-01
5.386084365844726562e+01 5.108341217041015625e+01 4.936471939086914062e+01 4.846757507324218750e+01 4.811604690551757812e+01 4.699999988079071045e-01
5.395080566406250000e+01 5.116896057128906250e+01 4.945830535888671875e+01 4.853361892700195312e+01 4.817852783203125000e+01 4.799999892711639404e-01
5.398992919921875000e+01 5.121702957153320312e+01 4.951668548583984375e+01 4.856853485107421875e+01 4.821284866333007812e+01 4.899999797344207764e-01
5.406450653076171875e+01 5.130881500244140625e+01 4.960920333862304688e+01 4.863205337524414062e+01 4.827112197875976562e+01 5.000000000000000000e-01
5.413351440429687500e+01 5.140184020996093750e+01 4.970028686523437500e+01 4.869503402709960938e+01 4.832889175415039062e+01 5.099999904632568359e-01
5.417177200317382812e+01 5.144856262207031250e+01 4.975396347045898438e+01 4.872615051269531250e+01 4.835887145996093750e+01 5.199999809265136719e-01
5.423461914062500000e+01 5.153607559204101562e+01 4.984554290771484375e+01 4.878720855712890625e+01 4.841448593139648438e+01 5.299999713897705078e-01
5.426314163208007812e+01 5.158551406860351562e+01 4.990168380737304688e+01 4.881343460083007812e+01 4.843939971923828125e+01 5.399999618530273438e-01
5.435982513427734375e+01 5.170454025268554688e+01 5.002500534057617188e+01 4.890771865844726562e+01 4.853516769409179688e+01 5.500000119209289551e-01
5.439440155029296875e+01 5.174477386474609375e+01 5.007309341430664062e+01 4.893632888793945312e+01 4.856488800048828125e+01 5.600000023841857910e-01
5.445806884765625000e+01 5.183074188232421875e+01 5.015745162963867188e+01 4.899697113037109375e+01 4.862315750122070312e+01 5.699999928474426270e-01
5.452072143554687500e+01 5.191552352905273438e+01 5.024085998535156250e+01 4.905759048461914062e+01 4.868047332763671875e+01 5.799999833106994629e-01
5.458209609985351562e+01 5.200043869018554688e+01 5.032170867919921875e+01 4.911674499511718750e+01 4.873526763916015625e+01 5.899999737739562988e-01
5.461209869384765625e+01 5.205446243286132812e+01 5.037004089355468750e+01 4.914442443847656250e+01 4.876187133789062500e+01 5.999999642372131348e-01
5.468332672119140625e+01 5.212782287597656250e+01 5.043792724609375000e+01 4.919995880126953125e+01 4.881595230102539062e+01 6.100000143051147461e-01
5.474178695678710938e+01 5.221496963500976562e+01 5.051432800292968750e+01 4.925569534301757812e+01 4.886449050903320312e+01 6.200000047683715820e-01
5.480139923095703125e+01 5.230206680297851562e+01 5.059070968627929688e+01 4.931179428100585938e+01 4.891761016845703125e+01 6.299999952316284180e-01
5.484234237670898438e+01 5.234511947631835938e+01 5.062659454345703125e+01 4.933656311035156250e+01 4.894035339355468750e+01 6.399999856948852539e-01
5.490457916259765625e+01 5.243482589721679688e+01 5.070254898071289062e+01 4.939460754394531250e+01 4.899358367919921875e+01 6.499999761581420898e-01
5.496782684326171875e+01 5.252711105346679688e+01 5.077827453613281250e+01 4.945245742797851562e+01 4.904386138916015625e+01 6.599999666213989258e-01
5.503451919555664062e+01 5.262218093872070312e+01 5.085285186767578125e+01 4.950960159301757812e+01 4.909098434448242188e+01 6.699999570846557617e-01
5.508145523071289062e+01 5.267215347290039062e+01 5.088638305664062500e+01 4.953370285034179688e+01 4.910797119140625000e+01 6.800000071525573730e-01
5.515066146850585938e+01 5.276667404174804688e+01 5.096095275878906250e+01 4.959161758422851562e+01 4.915520858764648438e+01 6.899999976158142090e-01
5.521846008300781250e+01 5.285620498657226562e+01 5.103654861450195312e+01 4.965046691894531250e+01 4.920283889770507812e+01 6.999999880790710449e-01
5.528689956665039062e+01 5.294254302978515625e+01 5.111376953125000000e+01 4.970852661132812500e+01 4.925118255615234375e+01 7.099999785423278809e-01
5.535556411743164062e+01 5.302904891967773438e+01 5.118844985961914062e+01 4.976605224609375000e+01 4.929934310913085938e+01 7.199999690055847168e-01
5.540375900268554688e+01 5.306785583496093750e+01 5.121175384521484375e+01 4.978524398803710938e+01 4.930906295776367188e+01 7.299999594688415527e-01
5.547251892089843750e+01 5.315564727783203125e+01 5.127206802368164062e+01 4.984514617919921875e+01 4.935363006591796875e+01 7.400000095367431641e-01
5.553960037231445312e+01 5.324657440185546875e+01 5.132769393920898438e+01 4.990700912475585938e+01 4.939941406250000000e+01 7.500000000000000000e-01
5.560521697998046875e+01 5.333770370483398438e+01 5.138092422485351562e+01 4.997027206420898438e+01 4.944403839111328125e+01 7.599999904632568359e-01
5.566839981079101562e+01 5.343105316162109375e+01 5.143340301513671875e+01 5.003395843505859375e+01 4.948996734619140625e+01 7.699999809265136719e-01
5.569177627563476562e+01 5.346995544433593750e+01 5.143437957763671875e+01 5.005244064331054688e+01 4.949136734008789062e+01 7.799999713897705078e-01
5.575525283813476562e+01 5.356270980834960938e+01 5.148152923583984375e+01 5.011692428588867188e+01 4.953598403930664062e+01 7.899999618530273438e-01
5.581769180297851562e+01 5.365410995483398438e+01 5.152891159057617188e+01 5.018187332153320312e+01 4.958278656005859375e+01 7.999999523162841797e-01
5.588006591796875000e+01 5.374663543701171875e+01 5.157887649536132812e+01 5.024821853637695312e+01 4.962483215332031250e+01 8.100000023841857910e-01
5.593999862670898438e+01 5.383833694458007812e+01 5.162990951538085938e+01 5.031547164916992188e+01 4.967005920410156250e+01 8.199999928474426270e-01
5.595235443115234375e+01 5.387017440795898438e+01 5.163419723510742188e+01 5.033970260620117188e+01 4.967475128173828125e+01 8.299999833106994629e-01
5.600739669799804688e+01 5.396183013916015625e+01 5.168416976928710938e+01 5.040629959106445312e+01 4.971084594726562500e+01 8.399999737739562988e-01
5.606044006347656250e+01 5.405422592163085938e+01 5.173678970336914062e+01 5.047298049926757812e+01 4.975517654418945312e+01 8.499999642372131348e-01
5.610986709594726562e+01 5.414978027343750000e+01 5.179217529296875000e+01 5.054034042358398438e+01 4.980249404907226562e+01 8.599999547004699707e-01
5.615337371826171875e+01 5.424722290039062500e+01 5.184920501708984375e+01 5.060613632202148438e+01 4.984972000122070312e+01 8.700000047683715820e-01
5.614001464843750000e+01 5.428247070312500000e+01 5.185728454589843750e+01 5.062503814697265625e+01 4.985585784912109375e+01 8.799999952316284180e-01
5.618462371826171875e+01 5.438807296752929688e+01 5.191531372070312500e+01 5.068705368041992188e+01 4.990051269531250000e+01 8.899999856948852539e-01
5.622781753540039062e+01 5.449000930786132812e+01 5.196991729736328125e+01 5.074805450439453125e+01 4.994362640380859375e+01 8.999999761581420898e-01
5.626784515380859375e+01 5.458511734008789062e+01 5.202327346801757812e+01 5.080666732788085938e+01 4.998993682861328125e+01 9.099999666213989258e-01
5.630701065063476562e+01 5.466849517822265625e+01 5.207447433471679688e+01 5.086551284790039062e+01 5.003741455078125000e+01 9.199999570846557617e-01
5.634359359741210938e+01 5.474537277221679688e+01 5.212780380249023438e+01 5.092545318603515625e+01 5.008450317382812500e+01 9.300000071525573730e-01
5.632709503173828125e+01 5.474421691894531250e+01 5.213026046752929688e+01 5.093517303466796875e+01 5.009030151367187500e+01 9.399999976158142090e-01
5.636179351806640625e+01 5.481067657470703125e+01 5.218684387207031250e+01 5.099095535278320312e+01 5.013597869873046875e+01 9.499999880790710449e-01
5.639657211303710938e+01 5.486524581909179688e+01 5.224409484863281250e+01 5.104542541503906250e+01 5.017803955078125000e+01 9.599999785423278809e-01
5.642974853515625000e+01 5.491899490356445312e+01 5.230158233642578125e+01 5.110054779052734375e+01 5.022666168212890625e+01 9.699999690055847168e-01
5.646482849121093750e+01 5.497324371337890625e+01 5.235867691040039062e+01 5.115849304199218750e+01 5.027547073364257812e+01 9.799999594688415527e-01
5.649979019165039062e+01 5.502753067016601562e+01 5.241673660278320312e+01 5.121498107910156250e+01 5.032250213623046875e+01 9.899999499320983887e-01
5.649584960937500000e+01 5.500867462158203125e+01 5.241819381713867188e+01 5.121929550170898438e+01 5.032320404052734375e+01 1.000000000000000000e+00
5.652931976318359375e+01 5.506872940063476562e+01 5.247833633422851562e+01 5.127521896362304688e+01 5.037055206298828125e+01 1.009999990463256836e+00
5.656440734863281250e+01 5.513224792480468750e+01 5.253954315185546875e+01 5.133129882812500000e+01 5.042615127563476562e+01 1.019999980926513672e+00
5.659840011596679688e+01 5.520424270629882812e+01 5.259954833984375000e+01 5.138927841186523438e+01 5.047667312622070312e+01 1.029999971389770508e+00
5.662964248657226562e+01 5.528091812133789062e+01 5.265918731689453125e+01 5.144399642944335938e+01 5.053410339355468750e+01 1.039999961853027344e+00
5.666153717041015625e+01 5.536189270019531250e+01 5.271823501586914062e+01 5.150051116943359375e+01 5.058369445800781250e+01 1.049999952316284180e+00
5.665813827514648438e+01 5.536950302124023438e+01 5.271579360961914062e+01 5.150251770019531250e+01 5.059225082397460938e+01 1.059999942779541016e+00
5.667466735839843750e+01 5.544540786743164062e+01 5.276119232177734375e+01 5.154393768310546875e+01 5.063318634033203125e+01 1.069999933242797852e+00
5.670633316040039062e+01 5.553421401977539062e+01 5.282444763183593750e+01 5.160219192504882812e+01 5.068800354003906250e+01 1.079999923706054688e+00
5.674639129638671875e+01 5.562970733642578125e+01 5.290258407592773438e+01 5.167319488525390625e+01 5.076073455810546875e+01 1.090000033378601074e+00
5.677432632446289062e+01 5.569800186157226562e+01 5.296873855590820312e+01 5.172421264648437500e+01 5.081445312500000000e+01 1.100000023841857910e+00
5.680005264282226562e+01 5.575770568847656250e+01 5.303295516967773438e+01 5.176678085327148438e+01 5.087385177612304688e+01 1.110000014305114746e+00
5.682559204101562500e+01 5.581321334838867188e+01 5.309571838378906250e+01 5.180467605590820312e+01 5.092651748657226562e+01 1.120000004768371582e+00
5.678337478637695312e+01 5.576034164428710938e+01 5.308418273925781250e+01 5.177227020263671875e+01 5.091329574584960938e+01 1.129999995231628418e+00
5.680821228027343750e+01 5.581077194213867188e+01 5.314340209960937500e+01 5.180887985229492188e+01 5.096658325195312500e+01 1.139999985694885254e+00
5.683342361450195312e+01 5.586134338378906250e+01 5.320357894897460938e+01 5.184654235839843750e+01 5.102184295654296875e+01 1.149999976158142090e+00
5.685708999633789062e+01 5.590719223022460938e+01 5.326471710205078125e+01 5.188283920288085938e+01 5.106972885131835938e+01 1.159999966621398926e+00
5.688038253784179688e+01 5.594908523559570312e+01 5.332696533203125000e+01 5.191810226440429688e+01 5.111421966552734375e+01 1.169999957084655762e+00
5.690529632568359375e+01 5.598830413818359375e+01 5.339087295532226562e+01 5.195262908935546875e+01 5.116489028930664062e+01 1.179999947547912598e+00
5.692876434326171875e+01 5.602585220336914062e+01 5.345722579956054688e+01 5.198523712158203125e+01 5.120872879028320312e+01 1.189999938011169434e+00
5.693796157836914062e+01 5.605118179321289062e+01 5.351333236694335938e+01 5.200750350952148438e+01 5.124567413330078125e+01 1.199999928474426270e+00
5.696146011352539062e+01 5.609045791625976562e+01 5.358140563964843750e+01 5.204398727416992188e+01 5.128414154052734375e+01 1.209999918937683105e+00
5.695522689819335938e+01 5.603927993774414062e+01 5.358372497558593750e+01 5.202558898925781250e+01 5.127592086791992188e+01 1.220000028610229492e+00
5.698140335083007812e+01 5.608458709716796875e+01 5.365187835693359375e+01 5.206145095825195312e+01 5.132310485839843750e+01 1.230000019073486328e+00
5.700521850585937500e+01 5.613336563110351562e+01 5.371982192993164062e+01 5.209713745117187500e+01 5.137581634521484375e+01 1.240000009536743164e+00
5.703002929687500000e+01 5.618169403076171875e+01 5.378670883178710938e+01 5.213359451293945312e+01 5.142188262939453125e+01 1.250000000000000000e+00
5.705266571044921875e+01 5.622890472412109375e+01 5.385527038574218750e+01 5.217263412475585938e+01 5.146981430053710938e+01 1.259999990463256836e+00
5.707383728027343750e+01 5.627339935302734375e+01 5.392249679565429688e+01 5.221362686157226562e+01 5.151578140258789062e+01 1.269999980926513672e+00
5.709804153442382812e+01 5.631158065795898438e+01 5.399184417724609375e+01 5.225621795654296875e+01 5.156186294555664062e+01 1.279999971389770508e+00
5.707003784179687500e+01 5.623874282836914062e+01 5.397876739501953125e+01 5.223040008544921875e+01 5.154119110107421875e+01 1.289999961853027344e+00
5.709383773803710938e+01 5.627125930786132812e+01 5.404804611206054688e+01 5.227253723144531250e+01 5.158881378173828125e+01 1.299999952316284180e+00
5.711640548706054688e+01 5.630333328247070312e+01 5.411975860595703125e+01 5.231283187866210938e+01 5.163811111450195312e+01 1.309999942779541016e+00
5.713855743408203125e+01 5.633591842651367188e+01 5.419280624389648438e+01 5.235161590576171875e+01 5.168211746215820312e+01 1.319999933242797852e+00
5.716024398803710938e+01 5.636774826049804688e+01 5.426737594604492188e+01 5.238832473754882812e+01 5.173410797119140625e+01 1.329999923706054688e+00
5.718069076538085938e+01 5.640204620361328125e+01 5.434639739990234375e+01 5.242391967773437500e+01 5.177834320068359375e+01 1.339999914169311523e+00
5.720221710205078125e+01 5.643678665161132812e+01 5.442947006225585938e+01 5.245977401733398438e+01 5.182723999023437500e+01 1.350000023841857910e+00
5.722359085083007812e+01 5.647441101074218750e+01 5.451293563842773438e+01 5.249733734130859375e+01 5.187723922729492188e+01 1.360000014305114746e+00
5.724362182617187500e+01 5.651529693603515625e+01 5.459574127197265625e+01 5.253533554077148438e+01 5.193019104003906250e+01 1.370000004768371582e+00
5.719391632080078125e+01 5.643437576293945312e+01 5.457653808593750000e+01 5.249788665771484375e+01 5.190797424316406250e+01 1.379999995231628418e+00
5.721601867675781250e+01 5.648055267333984375e+01 5.464697265625000000e+01 5.253567886352539062e+01 5.195053863525390625e+01 1.389999985694885254e+00
5.723701095581054688e+01 5.652869033813476562e+01 5.471169662475585938e+01 5.257345199584960938e+01 5.196982574462890625e+01 1.399999976158142090e+00
5.725918197631835938e+01 5.657666397094726562e+01 5.476803970336914062e+01 5.261138916015625000e+01 5.200411987304687500e+01 1.409999966621398926e+00
5.728078460693359375e+01 5.662252426147460938e+01 5.482207489013671875e+01 5.265071105957031250e+01 5.201931762695312500e+01 1.419999957084655762e+00
5.730138015747070312e+01 5.667048645019531250e+01 5.487082672119140625e+01 5.269044494628906250e+01 5.205301284790039062e+01 1.429999947547912598e+00
5.732326889038085938e+01 5.671902465820312500e+01 5.491548919677734375e+01 5.273249435424804688e+01 5.208384323120117188e+01 1.439999938011169434e+00
5.734507369995117188e+01 5.676854705810546875e+01 5.495093917846679688e+01 5.277550888061523438e+01 5.210911178588867188e+01 1.449999928474426270e+00
5.736593627929687500e+01 5.681835937500000000e+01 5.498528671264648438e+01 5.282028961181640625e+01 5.213859176635742188e+01 1.459999918937683105e+00
5.738488769531250000e+01 5.686843872070312500e+01 5.502029800415039062e+01 5.286568069458007812e+01 5.217121505737304688e+01 1.469999909400939941e+00
5.727052688598632812e+01 5.676017761230468750e+01 5.494137191772460938e+01 5.282176971435546875e+01 5.210756683349609375e+01 1.480000019073486328e+00
5.728956604003906250e+01 5.681031417846679688e+01 5.497657775878906250e+01 5.286781311035156250e+01 5.213257598876953125e+01 1.490000009536743164e+00
5.730808258056640625e+01 5.686179733276367188e+01 5.501261901855468750e+01 5.291503143310546875e+01 5.216832351684570312e+01 1.500000000000000000e+00
5.732524490356445312e+01 5.691371917724609375e+01 5.505143356323242188e+01 5.296338653564453125e+01 5.219836044311523438e+01 1.509999990463256836e+00
5.734557342529296875e+01 5.696489334106445312e+01 5.508824539184570312e+01 5.301387405395507812e+01 5.223471450805664062e+01 1.519999980926513672e+00
5.736612319946289062e+01 5.701742935180664062e+01 5.513370895385742188e+01 5.306442260742187500e+01 5.226449203491210938e+01 1.529999971389770508e+00
5.738416290283203125e+01 5.706929016113281250e+01 5.518059158325195312e+01 5.311685943603515625e+01 5.229222106933593750e+01 1.539999961853027344e+00
5.740311050415039062e+01 5.712142562866210938e+01 5.523480987548828125e+01 5.316896057128906250e+01 5.231892395019531250e+01 1.549999952316284180e+00
5.741707611083984375e+01 5.717219161987304688e+01 5.529445648193359375e+01 5.322026443481445312e+01 5.235073471069335938e+01 1.559999942779541016e+00
5.743524932861328125e+01 5.722402191162109375e+01 5.535585021972656250e+01 5.326919555664062500e+01 5.238306045532226562e+01 1.569999933242797852e+00
5.745471572875976562e+01 5.727595901489257812e+01 5.542274475097656250e+01 5.331430053710937500e+01 5.241753005981445312e+01 1.579999923706054688e+00
5.740598678588867188e+01 5.721202468872070312e+01 5.536467742919921875e+01 5.326305389404296875e+01 5.236560058593750000e+01 1.589999914169311523e+00
5.742664337158203125e+01 5.726594161987304688e+01 5.542531585693359375e+01 5.330413436889648438e+01 5.240552520751953125e+01 1.599999904632568359e+00
5.744575500488281250e+01 5.731917572021484375e+01 5.547740173339843750e+01 5.334527969360351562e+01 5.243899536132812500e+01 1.610000014305114746e+00
5.746534347534179688e+01 5.737387084960937500e+01 5.552137374877929688e+01 5.338670349121093750e+01 5.247303771972656250e+01 1.620000004768371582e+00
5.748798370361328125e+01 5.742678070068359375e+01 5.555732345581054688e+01 5.343055343627929688e+01 5.250418853759765625e+01 1.629999995231628418e+00
5.750844192504882812e+01 5.747780227661132812e+01 5.559093093872070312e+01 5.347543716430664062e+01 5.253458023071289062e+01 1.639999985694885254e+00
5.753011322021484375e+01 5.752365112304687500e+01 5.562197875976562500e+01 5.352227783203125000e+01 5.256280899047851562e+01 1.649999976158142090e+00
5.755125427246093750e+01 5.756437301635742188e+01 5.565216827392578125e+01 5.356968688964843750e+01 5.258832931518554688e+01 1.659999966621398926e+00
5.757152557373046875e+01 5.760020446777343750e+01 5.568537902832031250e+01 5.361993789672851562e+01 5.261797714233398438e+01 1.669999957084655762e+00
5.759195327758789062e+01 5.763238906860351562e+01 5.571786880493164062e+01 5.367111968994140625e+01 5.265288543701171875e+01 1.679999947547912598e+00
5.761130905151367188e+01 5.766185379028320312e+01 5.575051498413085938e+01 5.372308349609375000e+01 5.268769073486328125e+01 1.689999938011169434e+00
5.758506774902343750e+01 5.760577011108398438e+01 5.564089965820312500e+01 5.366861343383789062e+01 5.262364959716796875e+01 1.699999928474426270e+00
5.760577774047851562e+01 5.763286209106445312e+01 5.566870880126953125e+01 5.372137832641601562e+01 5.265589523315429688e+01 1.709999918937683105e+00
5.762628173828125000e+01 5.765911102294921875e+01 5.569350814819335938e+01 5.377385711669921875e+01 5.268716430664062500e+01 1.719999909400939941e+00
5.764715194702148438e+01 5.768490600585937500e+01 5.571951293945312500e+01 5.382653045654296875e+01 5.271666336059570312e+01 1.730000019073486328e+00
5.766796493530273438e+01 5.770984268188476562e+01 5.574433135986328125e+01 5.387981796264648438e+01 5.274439239501953125e+01 1.740000009536743164e+00
5.768831634521484375e+01 5.773478317260742188e+01 5.576969909667968750e+01 5.393315124511718750e+01 5.277178955078125000e+01 1.750000000000000000e+00
5.770677566528320312e+01 5.775919342041015625e+01 5.579794692993164062e+01 5.398696517944335938e+01 5.280247497558593750e+01 1.759999990463256836e+00
5.772182464599609375e+01 5.778312301635742188e+01 5.582773208618164062e+01 5.404151153564453125e+01 5.283693695068359375e+01 1.769999980926513672e+00
5.773515319824218750e+01 5.780634689331054688e+01 5.585963058471679688e+01 5.409537506103515625e+01 5.287302398681640625e+01 1.779999971389770508e+00
5.775114440917968750e+01 5.782863616943359375e+01 5.589549636840820312e+01 5.415008926391601562e+01 5.290700912475585938e+01 1.789999961853027344e+00
5.776169204711914062e+01 5.785039520263671875e+01 5.593189620971679688e+01 5.420461273193359375e+01 5.295117950439453125e+01 1.799999952316284180e+00
5.777644348144531250e+01 5.787100982666015625e+01 5.596867752075195312e+01 5.425941085815429688e+01 5.299069976806640625e+01 1.809999942779541016e+00
5.779184722900390625e+01 5.789033508300781250e+01 5.600542449951171875e+01 5.431359481811523438e+01 5.302371215820312500e+01 1.819999933242797852e+00
5.780534362792968750e+01 5.790853881835937500e+01 5.603902435302734375e+01 5.437047195434570312e+01 5.305766677856445312e+01 1.829999923706054688e+00
5.776158142089843750e+01 5.783420562744140625e+01 5.580004119873046875e+01 5.420348358154296875e+01 5.291181182861328125e+01 1.839999914169311523e+00
5.777625656127929688e+01 5.785316085815429688e+01 5.582885360717773438e+01 5.426202392578125000e+01 5.295562362670898438e+01 1.849999904632568359e+00
5.779159545898437500e+01 5.787171936035156250e+01 5.585357666015625000e+01 5.432205581665039062e+01 5.300323104858398438e+01 1.860000014305114746e+00
5.780330657958984375e+01 5.789014816284179688e+01 5.587747192382812500e+01 5.438526916503906250e+01 5.304782485961914062e+01 1.870000004768371582e+00
5.781567764282226562e+01 5.790829086303710938e+01 5.590016174316406250e+01 5.444808959960937500e+01 5.309137344360351562e+01 1.879999995231628418e+00
5.783053970336914062e+01 5.792626190185546875e+01 5.592271423339843750e+01 5.450966262817382812e+01 5.313465881347656250e+01 1.889999985694885254e+00
5.784388351440429688e+01 5.794386672973632812e+01 5.594522857666015625e+01 5.456850433349609375e+01 5.318175506591796875e+01 1.899999976158142090e+00
5.785879898071289062e+01 5.796104812622070312e+01 5.596822738647460938e+01 5.462679290771484375e+01 5.322868728637695312e+01 1.909999966621398926e+00
5.787250137329101562e+01 5.797811126708984375e+01 5.599228286743164062e+01 5.467865753173828125e+01 5.327089691162109375e+01 1.919999957084655762e+00
5.788575363159179688e+01 5.799441146850585938e+01 5.601788711547851562e+01 5.472655868530273438e+01 5.330549621582031250e+01 1.929999947547912598e+00
5.789751052856445312e+01 5.801031875610351562e+01 5.604346847534179688e+01 5.477159500122070312e+01 5.333775329589843750e+01 1.939999938011169434e+00
5.784545898437500000e+01 5.796768188476562500e+01 5.597410964965820312e+01 5.472681045532226562e+01 5.329618453979492188e+01 1.949999928474426270e+00
5.785810470581054688e+01 5.798262023925781250e+01 5.600578308105468750e+01 5.477013778686523438e+01 5.333110427856445312e+01 1.959999918937683105e+00
5.787040328979492188e+01 5.799665832519531250e+01 5.603897094726562500e+01 5.480529785156250000e+01 5.336363220214843750e+01 1.969999909400939941e+00
5.788468551635742188e+01 5.801023864746093750e+01 5.607458114624023438e+01 5.483389282226562500e+01 5.339437866210937500e+01 1.979999899864196777e+00
5.789798355102539062e+01 5.802350997924804688e+01 5.611346435546875000e+01 5.485908126831054688e+01 5.343013000488281250e+01 1.990000009536743164e+00
5.791148376464843750e+01 5.803651809692382812e+01 5.615201950073242188e+01 5.488249206542968750e+01 5.346778869628906250e+01 2.000000000000000000e+00
5.792511367797851562e+01 5.804934310913085938e+01 5.619050979614257812e+01 5.490726470947265625e+01 5.349855041503906250e+01 2.009999990463256836e+00
5.793781280517578125e+01 5.806211853027343750e+01 5.622983169555664062e+01 5.493437194824218750e+01 5.353129196166992188e+01 2.019999980926513672e+00
5.792803955078125000e+01 5.805707931518554688e+01 5.622223663330078125e+01 5.492111206054687500e+01 5.353330230712890625e+01 2.029999971389770508e+00
5.793968963623046875e+01 5.807001876831054688e+01 5.626056289672851562e+01 5.494570541381835938e+01 5.357511138916015625e+01 2.039999961853027344e+00
5.795127868652343750e+01 5.808283615112304688e+01 5.630096435546875000e+01 5.497552490234375000e+01 5.362159729003906250e+01 2.049999952316284180e+00
5.796345520019531250e+01 5.809543609619140625e+01 5.634251022338867188e+01 5.500444412231445312e+01 5.366795730590820312e+01 2.059999942779541016e+00
5.797354888916015625e+01 5.810760116577148438e+01 5.638375854492187500e+01 5.503643417358398438e+01 5.371311950683593750e+01 2.069999933242797852e+00
5.798453140258789062e+01 5.811956405639648438e+01 5.642679595947265625e+01 5.507375717163085938e+01 5.375810241699218750e+01 2.079999923706054688e+00
5.799527359008789062e+01 5.813108444213867188e+01 5.646880340576171875e+01 5.511300659179687500e+01 5.380295562744140625e+01 2.089999914169311523e+00
5.788589859008789062e+01 5.800014495849609375e+01 5.638150405883789062e+01 5.506649398803710938e+01 5.377550125122070312e+01 2.099999904632568359e+00
5.789750289916992188e+01 5.801123809814453125e+01 5.642369079589843750e+01 5.511106491088867188e+01 5.381900787353515625e+01 2.109999895095825195e+00
5.790722274780273438e+01 5.802217483520507812e+01 5.646723556518554688e+01 5.515740203857421875e+01 5.386347961425781250e+01 2.119999885559082031e+00
5.791233444213867188e+01 5.802719879150390625e+01 5.650777053833007812e+01 5.520048522949218750e+01 5.390024566650390625e+01 2.129999876022338867e+00
5.792232513427734375e+01 5.803751754760742188e+01 5.655396652221679688e+01 5.525245285034179688e+01 5.394677352905273438e+01 2.139999866485595703e+00
5.793267440795898438e+01 5.804771804809570312e+01 5.660161972045898438e+01 5.530200195312500000e+01 5.399361419677734375e+01 2.149999856948852539e+00
5.794349288940429688e+01 5.805768585205078125e+01 5.664918136596679688e+01 5.535239791870117188e+01 5.404232788085937500e+01 2.159999847412109375e+00
5.795364379882812500e+01 5.806790924072265625e+01 5.669684219360351562e+01 5.539420318603515625e+01 5.409151840209960938e+01 2.169999837875366211e+00
5.798919677734375000e+01 5.812477493286132812e+01 5.665454101562500000e+01 5.534324264526367188e+01 5.407252120971679688e+01 2.180000066757202148e+00
5.800135040283203125e+01 5.813467407226562500e+01 5.670495986938476562e+01 5.537102508544921875e+01 5.411780929565429688e+01 2.190000057220458984e+00
5.801176071166992188e+01 5.814450454711914062e+01 5.675488662719726562e+01 5.539242553710937500e+01 5.416502761840820312e+01 2.200000047683715820e+00
5.802376556396484375e+01 5.815411376953125000e+01 5.680488967895507812e+01 5.541199874877929688e+01 5.421145629882812500e+01 2.210000038146972656e+00
5.803596878051757812e+01 5.816374588012695312e+01 5.685500335693359375e+01 5.543186950683593750e+01 5.425960159301757812e+01 2.220000028610229492e+00
5.804790878295898438e+01 5.817330551147460938e+01 5.690679168701171875e+01 5.545039749145507812e+01 5.430785369873046875e+01 2.230000019073486328e+00
5.808549499511718750e+01 5.821501541137695312e+01 5.685184860229492188e+01 5.536749649047851562e+01 5.427370834350585938e+01 2.240000009536743164e+00
5.809791183471679688e+01 5.822477340698242188e+01 5.690701293945312500e+01 5.538842391967773438e+01 5.432736587524414062e+01 2.250000000000000000e+00
5.810944747924804688e+01 5.823470687866210938e+01 5.696355819702148438e+01 5.540685272216796875e+01 5.438275146484375000e+01 2.259999990463256836e+00
5.812215042114257812e+01 5.824421310424804688e+01 5.702315902709960938e+01 5.542560577392578125e+01 5.443276977539062500e+01 2.269999980926513672e+00
5.813517761230468750e+01 5.825369262695312500e+01 5.708456802368164062e+01 5.544362640380859375e+01 5.447877120971679688e+01 2.279999971389770508e+00
5.814861297607421875e+01 5.826288986206054688e+01 5.714560699462890625e+01 5.545682525634765625e+01 5.452119827270507812e+01 2.289999961853027344e+00
5.816210937500000000e+01 5.827199935913085938e+01 5.720463562011718750e+01 5.546819305419921875e+01 5.456995010375976562e+01 2.299999952316284180e+00
5.817662429809570312e+01 5.828083419799804688e+01 5.725929260253906250e+01 5.547775650024414062e+01 5.461883163452148438e+01 2.309999942779541016e+00
5.821008682250976562e+01 5.832951354980468750e+01 5.720613098144531250e+01 5.538270950317382812e+01 5.456904602050781250e+01 2.319999933242797852e+00
5.822499847412109375e+01 5.833768463134765625e+01 5.725460052490234375e+01 5.539336013793945312e+01 5.459708023071289062e+01 2.329999923706054688e+00
5.823937606811523438e+01 5.834601211547851562e+01 5.729922485351562500e+01 5.540700912475585938e+01 5.463815307617187500e+01 2.339999914169311523e+00
5.825567245483398438e+01 5.835375976562500000e+01 5.734226989746093750e+01 5.542158889770507812e+01 5.468417358398437500e+01 2.349999904632568359e+00
5.827230834960937500e+01 5.836128616333007812e+01 5.738281250000000000e+01 5.543829345703125000e+01 5.473168182373046875e+01 2.359999895095825195e+00
5.828874969482421875e+01 5.836881637573242188e+01 5.742248535156250000e+01 5.545810699462890625e+01 5.476732254028320312e+01 2.369999885559082031e+00
5.830370330810546875e+01 5.837636947631835938e+01 5.745919418334960938e+01 5.547940063476562500e+01 5.478889465332031250e+01 2.379999876022338867e+00
5.831565856933593750e+01 5.837918090820312500e+01 5.749089431762695312e+01 5.549892807006835938e+01 5.479147338867187500e+01 2.389999866485595703e+00
5.833081054687500000e+01 5.838674545288085938e+01 5.752585220336914062e+01 5.552539443969726562e+01 5.479916000366210938e+01 2.399999856948852539e+00
5.834794616699218750e+01 5.839402770996093750e+01 5.756140136718750000e+01 5.555328369140625000e+01 5.482174682617187500e+01 2.409999847412109375e+00
5.839601135253906250e+01 5.846551132202148438e+01 5.748373031616210938e+01 5.546500778198242188e+01 5.475825500488281250e+01 2.419999837875366211e+00
5.841459274291992188e+01 5.847262954711914062e+01 5.752202987670898438e+01 5.549195861816406250e+01 5.478993988037109375e+01 2.429999828338623047e+00
5.843690490722656250e+01 5.848393249511718750e+01 5.756417083740234375e+01 5.552152252197265625e+01 5.482040405273437500e+01 2.440000057220458984e+00
5.845435333251953125e+01 5.849040603637695312e+01 5.760246276855468750e+01 5.554422378540039062e+01 5.483962249755859375e+01 2.450000047683715820e+00
5.847274780273437500e+01 5.849673461914062500e+01 5.764138793945312500e+01 5.556387329101562500e+01 5.485099411010742188e+01 2.460000038146972656e+00
5.849242019653320312e+01 5.850311660766601562e+01 5.767905426025390625e+01 5.558073043823242188e+01 5.487611389160156250e+01 2.470000028610229492e+00
5.851170349121093750e+01 5.850936889648437500e+01 5.771746063232421875e+01 5.559638595581054688e+01 5.490409851074218750e+01 2.480000019073486328e+00
5.853091430664062500e+01 5.851558685302734375e+01 5.775475692749023438e+01 5.560925674438476562e+01 5.492633438110351562e+01 2.490000009536743164e+00
5.859974288940429688e+01 5.856346130371093750e+01 5.765928649902343750e+01 5.548993301391601562e+01 5.484753417968750000e+01 2.500000000000000000e+00
5.862007522583007812e+01 5.856995773315429688e+01 5.769671249389648438e+01 5.550335693359375000e+01 5.488710784912109375e+01 2.509999990463256836e+00
5.864148712158203125e+01 5.857605743408203125e+01 5.773356246948242188e+01 5.551629638671875000e+01 5.492176055908203125e+01 2.519999980926513672e+00
5.866267013549804688e+01 5.858216476440429688e+01 5.776689529418945312e+01 5.553063201904296875e+01 5.496171188354492188e+01 2.529999971389770508e+00
5.868387603759765625e+01 5.858806610107421875e+01 5.779959869384765625e+01 5.554646682739257812e+01 5.500876617431640625e+01 2.539999961853027344e+00
5.870495986938476562e+01 5.859375000000000000e+01 5.783053970336914062e+01 5.556284713745117188e+01 5.505027008056640625e+01 2.549999952316284180e+00
5.872611999511718750e+01 5.859983444213867188e+01 5.786008453369140625e+01 5.558013534545898438e+01 5.508066558837890625e+01 2.559999942779541016e+00
5.874721908569335938e+01 5.860568618774414062e+01 5.789066314697265625e+01 5.559792709350585938e+01 5.512591552734375000e+01 2.569999933242797852e+00
5.876913833618164062e+01 5.861149978637695312e+01 5.792156219482421875e+01 5.561742019653320312e+01 5.517815780639648438e+01 2.579999923706054688e+00
5.883805465698242188e+01 5.867704391479492188e+01 5.783347320556640625e+01 5.549553680419921875e+01 5.510323333740234375e+01 2.589999914169311523e+00
5.886127853393554688e+01 5.868341445922851562e+01 5.786840438842773438e+01 5.551811981201171875e+01 5.513660430908203125e+01 2.599999904632568359e+00
5.888517379760742188e+01 5.868973922729492188e+01 5.790449905395507812e+01 5.554284667968750000e+01 5.516301727294921875e+01 2.609999895095825195e+00
5.890786361694335938e+01 5.869601821899414062e+01 5.794060134887695312e+01 5.556929779052734375e+01 5.517499160766601562e+01 2.619999885559082031e+00
5.893072509765625000e+01 5.870252990722656250e+01 5.797661590576171875e+01 5.559738159179687500e+01 5.518018722534179688e+01 2.629999876022338867e+00
5.895483016967773438e+01 5.870896911621093750e+01 5.801260375976562500e+01 5.562600326538085938e+01 5.518670654296875000e+01 2.639999866485595703e+00
5.897789001464843750e+01 5.871566009521484375e+01 5.804755783081054688e+01 5.565555191040039062e+01 5.519430541992187500e+01 2.649999856948852539e+00
5.899997329711914062e+01 5.872227859497070312e+01 5.808271408081054688e+01 5.568428421020507812e+01 5.520569992065429688e+01 2.659999847412109375e+00
5.902370834350585938e+01 5.872896575927734375e+01 5.811688995361328125e+01 5.571343612670898438e+01 5.522111892700195312e+01 2.669999837875366211e+00
5.904860687255859375e+01 5.873552322387695312e+01 5.815025711059570312e+01 5.574110794067382812e+01 5.523823165893554688e+01 2.679999828338623047e+00
5.905453872680664062e+01 5.877808761596679688e+01 5.807125854492187500e+01 5.561331176757812500e+01 5.512440872192382812e+01 2.690000057220458984e+00
5.907951736450195312e+01 5.878431320190429688e+01 5.810550308227539062e+01 5.564130401611328125e+01 5.513717269897460938e+01 2.700000047683715820e+00
5.910345458984375000e+01 5.879051971435546875e+01 5.813794708251953125e+01 5.566983032226562500e+01 5.515166473388671875e+01 2.710000038146972656e+00
5.912941741943359375e+01 5.879707717895507812e+01 5.816930007934570312e+01 5.570036315917968750e+01 5.516885375976562500e+01 2.720000028610229492e+00
5.915277099609375000e+01 5.880332565307617188e+01 5.820026779174804688e+01 5.573004150390625000e+01 5.517682266235351562e+01 2.730000019073486328e+00
5.917681884765625000e+01 5.880987548828125000e+01 5.823038482666015625e+01 5.576241683959960938e+01 5.518717575073242188e+01 2.740000009536743164e+00
5.920137023925781250e+01 5.881624603271484375e+01 5.826164627075195312e+01 5.579402542114257812e+01 5.519456481933593750e+01 2.750000000000000000e+00
5.922242736816406250e+01 5.880902099609375000e+01 5.825498962402343750e+01 5.579028320312500000e+01 5.516706085205078125e+01 2.759999990463256836e+00
5.924792861938476562e+01 5.881586074829101562e+01 5.828759002685546875e+01 5.582125091552734375e+01 5.516795730590820312e+01 2.769999980926513672e+00
5.927483367919921875e+01 5.882296752929687500e+01 5.831943511962890625e+01 5.585344314575195312e+01 5.516843795776367188e+01 2.779999971389770508e+00
5.930002212524414062e+01 5.882978820800781250e+01 5.835277557373046875e+01 5.588751602172851562e+01 5.518869781494140625e+01 2.789999961853027344e+00
5.932480239868164062e+01 5.883691787719726562e+01 5.838624191284179688e+01 5.592185211181640625e+01 5.520150375366210938e+01 2.799999952316284180e+00
5.930996322631835938e+01 5.880689239501953125e+01 5.830041885375976562e+01 5.582812881469726562e+01 5.510618972778320312e+01 2.809999942779541016e+00
5.933432006835937500e+01 5.881358337402343750e+01 5.833688354492187500e+01 5.586228561401367188e+01 5.511289596557617188e+01 2.819999933242797852e+00
5.935853958129882812e+01 5.882070541381835938e+01 5.837254714965820312e+01 5.589806747436523438e+01 5.512250900268554688e+01 2.829999923706054688e+00
5.938244628906250000e+01 5.882771301269531250e+01 5.840748214721679688e+01 5.593249893188476562e+01 5.513431549072265625e+01 2.839999914169311523e+00
5.940265655517578125e+01 5.883458328247070312e+01 5.844084167480468750e+01 5.596700286865234375e+01 5.515043640136718750e+01 2.849999904632568359e+00
5.942448806762695312e+01 5.884164428710937500e+01 5.847407531738281250e+01 5.600169754028320312e+01 5.517470932006835938e+01 2.859999895095825195e+00
5.944652557373046875e+01 5.884843063354492188e+01 5.850467681884765625e+01 5.603686904907226562e+01 5.520001602172851562e+01 2.869999885559082031e+00
5.946920394897460938e+01 5.885485458374023438e+01 5.853544235229492188e+01 5.607295608520507812e+01 5.522387313842773438e+01 2.879999876022338867e+00
5.949195861816406250e+01 5.886163711547851562e+01 5.856591033935546875e+01 5.610868072509765625e+01 5.524673080444335938e+01 2.889999866485595703e+00
5.951332092285156250e+01 5.886796951293945312e+01 5.859570312500000000e+01 5.614607620239257812e+01 5.526643753051757812e+01 2.899999856948852539e+00
5.953264236450195312e+01 5.887411880493164062e+01 5.862524032592773438e+01 5.618217086791992188e+01 5.528584289550781250e+01 2.909999847412109375e+00
5.955032348632812500e+01 5.888099670410156250e+01 5.865385055541992188e+01 5.621989822387695312e+01 5.530408859252929688e+01 2.919999837875366211e+00
5.956747817993164062e+01 5.888712310791015625e+01 5.868235397338867188e+01 5.625755691528320312e+01 5.531443786621093750e+01 2.929999828338623047e+00
5.958547592163085938e+01 5.889344406127929688e+01 5.871014022827148438e+01 5.629711914062500000e+01 5.532477569580078125e+01 2.939999818801879883e+00
5.953094100952148438e+01 5.881951522827148438e+01 5.852079772949218750e+01 5.595163345336914062e+01 5.504303741455078125e+01 2.950000047683715820e+00
5.955240249633789062e+01 5.882646179199218750e+01 5.855495071411132812e+01 5.598995590209960938e+01 5.505066299438476562e+01 2.960000038146972656e+00
5.957367706298828125e+01 5.883318710327148438e+01 5.858877182006835938e+01 5.602893829345703125e+01 5.505754852294921875e+01 2.970000028610229492e+00
5.959466934204101562e+01 5.884086608886718750e+01 5.862091445922851562e+01 5.607034301757812500e+01 5.506381225585937500e+01 2.980000019073486328e+00
5.961388397216796875e+01 5.884801864624023438e+01 5.865110778808593750e+01 5.611286544799804688e+01 5.507440948486328125e+01 2.990000009536743164e+00
5.963182449340820312e+01 5.885572433471679688e+01 5.867896270751953125e+01 5.615480041503906250e+01 5.508560943603515625e+01 3.000000000000000000e+00
5.965164566040039062e+01 5.886322021484375000e+01 5.870564270019531250e+01 5.619857406616210938e+01 5.509267807006835938e+01 3.009999990463256836e+00
5.967195892333984375e+01 5.887068939208984375e+01 5.872992324829101562e+01 5.624129104614257812e+01 5.510325622558593750e+01 3.019999980926513672e+00
5.969149017333984375e+01 5.887889480590820312e+01 5.875253295898437500e+01 5.628245162963867188e+01 5.511989974975585938e+01 3.029999971389770508e+00
5.971036148071289062e+01 5.888629913330078125e+01 5.877384185791015625e+01 5.632009506225585938e+01 5.513061523437500000e+01 3.039999961853027344e+00
5.972925949096679688e+01 5.889420700073242188e+01 5.879331207275390625e+01 5.635657501220703125e+01 5.513787841796875000e+01 3.049999952316284180e+00
5.974969100952148438e+01 5.890216827392578125e+01 5.881251144409179688e+01 5.639130401611328125e+01 5.514928817749023438e+01 3.059999942779541016e+00
5.976864624023437500e+01 5.890952301025390625e+01 5.883100128173828125e+01 5.642532348632812500e+01 5.516101455688476562e+01 3.069999933242797852e+00
5.978660583496093750e+01 5.891672515869140625e+01 5.884814834594726562e+01 5.645849990844726562e+01 5.517416381835937500e+01 3.079999923706054688e+00
5.980611801147460938e+01 5.892488479614257812e+01 5.886326599121093750e+01 5.649198913574218750e+01 5.519143676757812500e+01 3.089999914169311523e+00
5.982442855834960938e+01 5.893214797973632812e+01 5.887739562988281250e+01 5.652433013916015625e+01 5.521174240112304688e+01 3.099999904632568359e+00
