#     Mag U    Mag U    Mag U    Mag U    Mag U    Redshift
9.462366104125976562e+00 7.558875083923339844e+00 6.739906787872314453e+00 6.310230731964111328e+00 6.095808506011962891e+00 0.000000000000000000e+00
4.414503860473632812e+01 4.224434661865234375e+01 4.140190887451171875e+01 4.097098922729492188e+01 4.075708389282226562e+01 9.999999776482582092e-03
4.507392883300781250e+01 4.317639160156250000e+01 4.230860900878906250e+01 4.187797927856445312e+01 4.166251754760742188e+01 1.999999955296516418e-02
4.572565078735351562e+01 4.382718276977539062e+01 4.293670654296875000e+01 4.250642395019531250e+01 4.228483581542968750e+01 2.999999932944774628e-02
4.626945495605468750e+01 4.436314773559570312e+01 4.344863891601562500e+01 4.301726913452148438e+01 4.279045867919921875e+01 3.999999910593032837e-02
4.670080184936523438e+01 4.478710937500000000e+01 4.384976196289062500e+01 4.341664123535156250e+01 4.318528366088867188e+01 4.999999701976776123e-02
4.709749603271484375e+01 4.517082595825195312e+01 4.421392059326171875e+01 4.377502059936523438e+01 4.353560638427734375e+01 5.999999865889549255e-02
4.742010116577148438e+01 4.548080444335937500e+01 4.451224136352539062e+01 4.406658554077148438e+01 4.381985473632812500e+01 7.000000029802322388e-02
4.773767471313476562e+01 4.578628540039062500e+01 4.479911041259765625e+01 4.434476089477539062e+01 4.409393692016601562e+01 7.999999821186065674e-02
4.800265502929687500e+01 4.604224395751953125e+01 4.503490829467773438e+01 4.457363128662109375e+01 4.432162094116210938e+01 8.999999612569808960e-02
4.827436828613281250e+01 4.630103683471679688e+01 4.527006149291992188e+01 4.480484008789062500e+01 4.454701614379882812e+01 9.999999403953552246e-02
4.850415802001953125e+01 4.651664352416992188e+01 4.546279907226562500e+01 4.499808883666992188e+01 4.473661041259765625e+01 1.099999994039535522e-01
4.875091171264648438e+01 4.674607849121093750e+01 4.566456604003906250e+01 4.520011901855468750e+01 4.493046188354492188e+01 1.199999973177909851e-01
4.895949172973632812e+01 4.693894195556640625e+01 4.583137893676757812e+01 4.536474227905273438e+01 4.509196090698242188e+01 1.299999952316284180e-01
4.919034957885742188e+01 4.714624023437500000e+01 4.601104736328125000e+01 4.553888320922851562e+01 4.526286315917968750e+01 1.400000005960464478e-01
4.928199768066406250e+01 4.721127319335937500e+01 4.604673767089843750e+01 4.556525039672851562e+01 4.528878784179687500e+01 1.499999910593032837e-01
4.960056686401367188e+01 4.751186370849609375e+01 4.631699752807617188e+01 4.582696533203125000e+01 4.555485153198242188e+01 1.599999964237213135e-01
4.981307983398437500e+01 4.769594573974609375e+01 4.646861267089843750e+01 4.596810150146484375e+01 4.570142745971679688e+01 1.700000017881393433e-01
4.998566436767578125e+01 4.784402465820312500e+01 4.658972167968750000e+01 4.607925033569335938e+01 4.581794357299804688e+01 1.799999922513961792e-01
5.018112945556640625e+01 4.801705932617187500e+01 4.673108673095703125e+01 4.620969390869140625e+01 4.595103836059570312e+01 1.899999976158142090e-01
5.033634567260742188e+01 4.815607452392578125e+01 4.684141159057617188e+01 4.631175231933593750e+01 4.605372238159179688e+01 1.999999880790710449e-01
5.052416992187500000e+01 4.832074356079101562e+01 4.697127532958984375e+01 4.643209075927734375e+01 4.617426300048828125e+01 2.099999934434890747e-01
5.067143249511718750e+01 4.845088195800781250e+01 4.706981658935546875e+01 4.652277374267578125e+01 4.626765441894531250e+01 2.199999988079071045e-01
5.085408020019531250e+01 4.860869598388671875e+01 4.718981933593750000e+01 4.663435745239257812e+01 4.637718200683593750e+01 2.299999892711639404e-01
5.103529357910156250e+01 4.876090621948242188e+01 4.730770874023437500e+01 4.674220657348632812e+01 4.648390197753906250e+01 2.399999946355819702e-01
5.117619323730468750e+01 4.887513732910156250e+01 4.739579010009765625e+01 4.682193756103515625e+01 4.656533050537109375e+01 2.500000000000000000e-01
5.135301208496093750e+01 4.901705551147460938e+01 4.750838851928710938e+01 4.692359161376953125e+01 4.666958999633789062e+01 2.599999904632568359e-01
5.145163345336914062e+01 4.908132553100585938e+01 4.754581832885742188e+01 4.694902801513671875e+01 4.669873428344726562e+01 2.699999809265136719e-01
5.164822387695312500e+01 4.925302124023437500e+01 4.769995880126953125e+01 4.709356689453125000e+01 4.684817123413085938e+01 2.800000011920928955e-01
5.181489944458007812e+01 4.938214874267578125e+01 4.780781936645507812e+01 4.718770599365234375e+01 4.694400024414062500e+01 2.899999916553497314e-01
5.191673660278320312e+01 4.944305419921875000e+01 4.784816360473632812e+01 4.721436309814453125e+01 4.696966171264648438e+01 2.999999821186065674e-01
5.210443115234375000e+01 4.959737777709960938e+01 4.798636245727539062e+01 4.734412384033203125e+01 4.709441757202148438e+01 3.100000023841857910e-01
5.226242446899414062e+01 4.972017669677734375e+01 4.808472824096679688e+01 4.743223190307617188e+01 4.717433929443359375e+01 3.199999928474426270e-01
5.237505722045898438e+01 4.980499649047851562e+01 4.814990234375000000e+01 4.749160766601562500e+01 4.722477722167968750e+01 3.299999833106994629e-01
5.251808547973632812e+01 4.992571258544921875e+01 4.824338531494140625e+01 4.757574844360351562e+01 4.730078125000000000e+01 3.400000035762786865e-01
5.264334869384765625e+01 5.004571914672851562e+01 4.833644485473632812e+01 4.765830993652343750e+01 4.737807846069335938e+01 3.499999940395355225e-01
5.272494125366210938e+01 5.012638092041015625e+01 4.839833068847656250e+01 4.771336364746093750e+01 4.743151092529296875e+01 3.599999845027923584e-01
5.283911514282226562e+01 5.024573516845703125e+01 4.848910140991210938e+01 4.779445648193359375e+01 4.750549697875976562e+01 3.700000047683715820e-01
5.294555664062500000e+01 5.036007308959960938e+01 4.857946395874023438e+01 4.787488555908203125e+01 4.757522583007812500e+01 3.799999952316284180e-01
5.301674270629882812e+01 5.042322158813476562e+01 4.864038085937500000e+01 4.792601776123046875e+01 4.761818313598632812e+01 3.899999856948852539e-01
5.312407684326171875e+01 5.051914978027343750e+01 4.873422622680664062e+01 4.800272750854492188e+01 4.768627929687500000e+01 3.999999761581420898e-01
5.323486328125000000e+01 5.061120605468750000e+01 4.882820129394531250e+01 4.807720565795898438e+01 4.775422668457031250e+01 4.099999964237213135e-01
5.331121444702148438e+01 5.065830993652343750e+01 4.888950347900390625e+01 4.812047195434570312e+01 4.779491043090820312e+01 4.199999868869781494e-01
5.342977905273437500e+01 5.074404525756835938e+01 4.898516845703125000e+01 4.819175720214843750e+01 4.786112213134765625e+01 4.299999773502349854e-01
5.354328536987304688e+01 5.082769775390625000e+01 4.908197784423828125e+01 4.826269912719726562e+01 4.792675018310546875e+01 4.399999976158142090e-01
5.361701583862304688e+01 5.087136077880859375e+01 4.914387130737304688e+01 4.830321884155273438e+01 4.796133804321289062e+01 4.499999880790710449e-01
5.372516632080078125e+01 5.095608901977539062e+01 4.923823928833007812e+01 4.837152481079101562e+01 4.802621841430664062e+01 4.599999785423278809e-01
5.382203674316406250e+01 5.104183578491210938e+01 4.933077621459960938e+01 4.843828201293945312e+01 4.808856582641601562e+01 4.699999988079071045e-01
5.388253402709960938e+01 5.108459091186523438e+01 4.938851165771484375e+01 4.847431182861328125e+01 4.812315368652343750e+01 4.799999892711639404e-01
5.396075820922851562e+01 5.117420196533203125e+01 4.948079681396484375e+01 4.853851318359375000e+01 4.818494415283203125e+01 4.899999797344207764e-01
5.403597259521484375e+01 5.126580810546875000e+01 4.957300186157226562e+01 4.860190582275390625e+01 4.824314498901367188e+01 5.000000000000000000e-01
5.410562896728515625e+01 5.135861968994140625e+01 4.966378784179687500e+01 4.866476058959960938e+01 4.830083465576171875e+01 5.099999904632568359e-01
5.414109039306640625e+01 5.140529251098632812e+01 4.971725463867187500e+01 4.869556808471679688e+01 4.833047103881835938e+01 5.199999809265136719e-01
5.420448684692382812e+01 5.149268341064453125e+01 4.980852127075195312e+01 4.875650024414062500e+01 4.838602066040039062e+01 5.299999713897705078e-01
5.423363876342773438e+01 5.154204177856445312e+01 4.986436080932617188e+01 4.878260040283203125e+01 4.841084289550781250e+01 5.399999618530273438e-01
5.433103179931640625e+01 5.166097259521484375e+01 4.998738098144531250e+01 4.887675476074218750e+01 4.850648498535156250e+01 5.500000119209289551e-01
5.437284469604492188e+01 5.170253753662109375e+01 5.003610610961914062e+01 4.890549087524414062e+01 4.853621292114257812e+01 5.600000023841857910e-01
5.443746185302734375e+01 5.178842926025390625e+01 5.012020874023437500e+01 4.896599578857421875e+01 4.859436798095703125e+01 5.699999928474426270e-01
5.450106048583984375e+01 5.187314224243164062e+01 5.020335388183593750e+01 4.902647781372070312e+01 4.865157699584960938e+01 5.799999833106994629e-01
5.453889083862304688e+01 5.191372680664062500e+01 5.024478149414062500e+01 4.905342483520507812e+01 4.867657852172851562e+01 5.899999737739562988e-01
5.457083511352539062e+01 5.196758270263671875e+01 5.029262161254882812e+01 4.908086776733398438e+01 4.870296478271484375e+01 5.999999642372131348e-01
5.466057968139648438e+01 5.208336257934570312e+01 5.039828491210937500e+01 4.916764831542968750e+01 4.878604888916015625e+01 6.100000143051147461e-01
5.471990203857421875e+01 5.217040252685546875e+01 5.047448348999023438e+01 4.922328948974609375e+01 4.883451843261718750e+01 6.200000047683715820e-01
5.478052902221679688e+01 5.225738143920898438e+01 5.055067443847656250e+01 4.927927780151367188e+01 4.888753509521484375e+01 6.299999952316284180e-01
5.481925201416015625e+01 5.230034255981445312e+01 5.058673858642578125e+01 4.930396652221679688e+01 4.891007614135742188e+01 6.399999856948852539e-01
5.488265991210937500e+01 5.238992309570312500e+01 5.066251373291015625e+01 4.936187744140625000e+01 4.896322250366210938e+01 6.499999761581420898e-01
5.494715118408203125e+01 5.248204421997070312e+01 5.073805999755859375e+01 4.941958618164062500e+01 4.901339340209960938e+01 6.599999666213989258e-01
5.501528930664062500e+01 5.257689285278320312e+01 5.081245040893554688e+01 4.947658920288085938e+01 4.906042098999023438e+01 6.699999570846557617e-01
5.505627822875976562e+01 5.262445068359375000e+01 5.084231948852539062e+01 4.949583816528320312e+01 4.907231521606445312e+01 6.800000071525573730e-01
5.512692642211914062e+01 5.271872329711914062e+01 5.091674041748046875e+01 4.955361557006835938e+01 4.911947250366210938e+01 6.899999976158142090e-01
5.519628143310546875e+01 5.280806350708007812e+01 5.099219512939453125e+01 4.961231231689453125e+01 4.916701889038085938e+01 6.999999880790710449e-01
5.526635742187500000e+01 5.289424896240234375e+01 5.106926345825195312e+01 4.967021942138671875e+01 4.921526718139648438e+01 7.099999785423278809e-01
5.528979873657226562e+01 5.292754364013671875e+01 5.109553527832031250e+01 4.968311309814453125e+01 4.922029495239257812e+01 7.199999690055847168e-01
5.535771942138671875e+01 5.301455307006835938e+01 5.116340255737304688e+01 4.974068069458007812e+01 4.926597213745117188e+01 7.299999594688415527e-01
5.542755508422851562e+01 5.310208129882812500e+01 5.122367477416992188e+01 4.980049514770507812e+01 4.931047821044921875e+01 7.400000095367431641e-01
5.549576568603515625e+01 5.319272994995117188e+01 5.127928924560546875e+01 4.986227035522460938e+01 4.935621261596679688e+01 7.500000000000000000e-01
5.556254577636718750e+01 5.328357315063476562e+01 5.133253097534179688e+01 4.992543792724609375e+01 4.940078735351562500e+01 7.599999904632568359e-01
5.557568740844726562e+01 5.331970977783203125e+01 5.133689117431640625e+01 4.994705963134765625e+01 4.940751266479492188e+01 7.699999809265136719e-01
5.564157104492187500e+01 5.341265106201171875e+01 5.138627624511718750e+01 5.001030349731445312e+01 4.945211410522460938e+01 7.799999713897705078e-01
5.570604324340820312e+01 5.350504684448242188e+01 5.143350219726562500e+01 5.007459640502929688e+01 4.949662399291992188e+01 7.899999618530273438e-01
5.576945877075195312e+01 5.359613037109375000e+01 5.148093795776367188e+01 5.013933944702148438e+01 4.954331588745117188e+01 7.999999523162841797e-01
5.583278656005859375e+01 5.368837356567382812e+01 5.153090667724609375e+01 5.020545959472656250e+01 4.958526611328125000e+01 8.100000023841857910e-01
5.583300018310546875e+01 5.371667480468750000e+01 5.153259277343750000e+01 5.022889709472656250e+01 4.959062957763671875e+01 8.199999928474426270e-01
5.589241027832031250e+01 5.380658721923828125e+01 5.158480072021484375e+01 5.029585266113281250e+01 4.963488769531250000e+01 8.299999833106994629e-01
5.594805526733398438e+01 5.389775085449218750e+01 5.163469314575195312e+01 5.036216354370117188e+01 4.967094421386718750e+01 8.399999737739562988e-01
5.600164031982421875e+01 5.398960113525390625e+01 5.168720245361328125e+01 5.042856597900390625e+01 4.971520996093750000e+01 8.499999642372131348e-01
5.605155944824218750e+01 5.408447647094726562e+01 5.174239730834960938e+01 5.049564361572265625e+01 4.976242065429687500e+01 8.599999547004699707e-01
5.604190826416015625e+01 5.411496353149414062e+01 5.174793243408203125e+01 5.051539230346679688e+01 4.976882934570312500e+01 8.700000047683715820e-01
5.608662796020507812e+01 5.421546173095703125e+01 5.180576324462890625e+01 5.057899093627929688e+01 4.981501007080078125e+01 8.799999952316284180e-01
5.613134384155273438e+01 5.432016754150390625e+01 5.186353683471679688e+01 5.064076995849609375e+01 4.985952377319335938e+01 8.899999856948852539e-01
5.617458724975585938e+01 5.442124176025390625e+01 5.191794967651367188e+01 5.070154571533203125e+01 4.990249252319335938e+01 8.999999761581420898e-01
5.621464157104492188e+01 5.451564025878906250e+01 5.197110748291015625e+01 5.075996398925781250e+01 4.994865417480468750e+01 9.099999666213989258e-01
5.625381088256835938e+01 5.459856033325195312e+01 5.202216339111328125e+01 5.081858062744140625e+01 4.999596405029296875e+01 9.199999570846557617e-01
5.624940109252929688e+01 5.460173034667968750e+01 5.202005386352539062e+01 5.082825851440429688e+01 4.999952697753906250e+01 9.300000071525573730e-01
5.628655624389648438e+01 5.467066955566406250e+01 5.207478713989257812e+01 5.088489913940429688e+01 5.004674148559570312e+01 9.399999976158142090e-01
5.632169342041015625e+01 5.473693084716796875e+01 5.213117218017578125e+01 5.094047546386718750e+01 5.009225082397460938e+01 9.499999880790710449e-01
5.635688018798828125e+01 5.479132843017578125e+01 5.218819427490234375e+01 5.099477767944335938e+01 5.013411331176757812e+01 9.599999785423278809e-01
5.639043045043945312e+01 5.484486007690429688e+01 5.224549102783203125e+01 5.104973602294921875e+01 5.018251800537109375e+01 9.699999690055847168e-01
5.642583465576171875e+01 5.489884567260742188e+01 5.230240249633789062e+01 5.110750579833984375e+01 5.023109054565429688e+01 9.799999594688415527e-01
5.642150497436523438e+01 5.487140655517578125e+01 5.230012512207031250e+01 5.110946273803710938e+01 5.023123168945312500e+01 9.899999499320983887e-01
5.645666885375976562e+01 5.492690277099609375e+01 5.235783767700195312e+01 5.116477203369140625e+01 5.027629852294921875e+01 1.000000000000000000e+00
5.649053573608398438e+01 5.498664474487304688e+01 5.241775512695312500e+01 5.122052764892578125e+01 5.032339859008789062e+01 1.009999990463256836e+00
5.652595520019531250e+01 5.504983139038085938e+01 5.247869110107421875e+01 5.127641296386718750e+01 5.037874603271484375e+01 1.019999980926513672e+00
5.656025314331054688e+01 5.512138748168945312e+01 5.253841400146484375e+01 5.133414459228515625e+01 5.042898941040039062e+01 1.029999971389770508e+00
5.659179306030273438e+01 5.519749069213867188e+01 5.259778976440429688e+01 5.138860321044921875e+01 5.048612594604492188e+01 1.039999961853027344e+00
5.656014633178710938e+01 5.518188858032226562e+01 5.258705902099609375e+01 5.137711715698242188e+01 5.046951293945312500e+01 1.049999952316284180e+00
5.659459304809570312e+01 5.527228546142578125e+01 5.264609909057617188e+01 5.143475341796875000e+01 5.052626037597656250e+01 1.059999942779541016e+00
5.661132431030273438e+01 5.534678649902343750e+01 5.269125366210937500e+01 5.147611999511718750e+01 5.056697463989257812e+01 1.069999933242797852e+00
5.664319610595703125e+01 5.543412780761718750e+01 5.275418853759765625e+01 5.153436660766601562e+01 5.062155532836914062e+01 1.079999923706054688e+00
5.668342971801757812e+01 5.552833557128906250e+01 5.283195877075195312e+01 5.160530090332031250e+01 5.069410705566406250e+01 1.090000033378601074e+00
5.671150970458984375e+01 5.559558105468750000e+01 5.289770889282226562e+01 5.165629577636718750e+01 5.074761199951171875e+01 1.100000023841857910e+00
5.673737716674804688e+01 5.565446853637695312e+01 5.296155166625976562e+01 5.169894790649414062e+01 5.080688095092773438e+01 1.110000014305114746e+00
5.671767044067382812e+01 5.560493850708007812e+01 5.294909286499023438e+01 5.166816329956054688e+01 5.079404067993164062e+01 1.120000004768371582e+00
5.673825073242187500e+01 5.565554809570312500e+01 5.300896072387695312e+01 5.170362854003906250e+01 5.084767532348632812e+01 1.129999995231628418e+00
5.676333999633789062e+01 5.570559692382812500e+01 5.306787872314453125e+01 5.174031448364257812e+01 5.090075683593750000e+01 1.139999985694885254e+00
5.678879165649414062e+01 5.575583267211914062e+01 5.312773132324218750e+01 5.177808380126953125e+01 5.095578765869140625e+01 1.149999976158142090e+00
5.681266784667968750e+01 5.580144882202148438e+01 5.318854904174804688e+01 5.181458663940429688e+01 5.100353622436523438e+01 1.159999966621398926e+00
5.683613967895507812e+01 5.584319686889648438e+01 5.325046157836914062e+01 5.185010910034179688e+01 5.104800796508789062e+01 1.169999957084655762e+00
5.686123275756835938e+01 5.588239288330078125e+01 5.331401443481445312e+01 5.188489151000976562e+01 5.109855651855468750e+01 1.179999947547912598e+00
5.688486862182617188e+01 5.591999816894531250e+01 5.337998580932617188e+01 5.191772079467773438e+01 5.114223098754882812e+01 1.189999938011169434e+00
5.689420700073242188e+01 5.594548034667968750e+01 5.343568801879882812e+01 5.194014739990234375e+01 5.117901992797851562e+01 1.199999928474426270e+00
5.686473464965820312e+01 5.587564849853515625e+01 5.342391204833984375e+01 5.190856552124023438e+01 5.114997100830078125e+01 1.209999918937683105e+00
5.690222549438476562e+01 5.593010711669921875e+01 5.350384140014648438e+01 5.195749282836914062e+01 5.120831680297851562e+01 1.220000028610229492e+00
5.692849731445312500e+01 5.597552871704101562e+01 5.357155990600585938e+01 5.199337005615234375e+01 5.125548553466796875e+01 1.230000019073486328e+00
5.695240402221679688e+01 5.602438354492187500e+01 5.363906097412109375e+01 5.202904510498046875e+01 5.130802536010742188e+01 1.240000009536743164e+00
5.697729873657226562e+01 5.607278823852539062e+01 5.370553207397460938e+01 5.206543731689453125e+01 5.135400390625000000e+01 1.250000000000000000e+00
5.700001144409179688e+01 5.612007904052734375e+01 5.377366638183593750e+01 5.210433578491210938e+01 5.140179061889648438e+01 1.259999990463256836e+00
5.702120971679687500e+01 5.616465759277343750e+01 5.384048843383789062e+01 5.214511489868164062e+01 5.144768905639648438e+01 1.269999980926513672e+00
5.697259140014648438e+01 5.607872772216796875e+01 5.382082748413085938e+01 5.211423110961914062e+01 5.142226791381835938e+01 1.279999971389770508e+00
5.699719238281250000e+01 5.611447525024414062e+01 5.388966751098632812e+01 5.215686035156250000e+01 5.146969985961914062e+01 1.289999961853027344e+00
5.702106475830078125e+01 5.614689636230468750e+01 5.395846939086914062e+01 5.219868850708007812e+01 5.151716613769531250e+01 1.299999952316284180e+00
5.704369354248046875e+01 5.617890548706054688e+01 5.402965545654296875e+01 5.223872756958007812e+01 5.156620025634765625e+01 1.309999942779541016e+00
5.706588363647460938e+01 5.621141052246093750e+01 5.410212326049804688e+01 5.227729797363281250e+01 5.160984802246093750e+01 1.319999933242797852e+00
5.708758926391601562e+01 5.624319458007812500e+01 5.417601776123046875e+01 5.231381988525390625e+01 5.166146087646484375e+01 1.329999923706054688e+00
5.710807418823242188e+01 5.627744674682617188e+01 5.425419998168945312e+01 5.234927368164062500e+01 5.170558166503906250e+01 1.339999914169311523e+00
5.712963104248046875e+01 5.631216812133789062e+01 5.433626174926757812e+01 5.238500213623046875e+01 5.175430679321289062e+01 1.350000023841857910e+00
5.715103912353515625e+01 5.634976196289062500e+01 5.441867065429687500e+01 5.242240905761718750e+01 5.180409622192382812e+01 1.360000014305114746e+00
5.704023361206054688e+01 5.623810958862304688e+01 5.439311218261718750e+01 5.237140655517578125e+01 5.176697921752929688e+01 1.370000004768371582e+00
5.706276702880859375e+01 5.628136062622070312e+01 5.446812438964843750e+01 5.240897369384765625e+01 5.181816482543945312e+01 1.379999995231628418e+00
5.708459472656250000e+01 5.632701110839843750e+01 5.453764343261718750e+01 5.244667816162109375e+01 5.186067199707031250e+01 1.389999985694885254e+00
5.710531234741210938e+01 5.637459182739257812e+01 5.460166549682617188e+01 5.248435974121093750e+01 5.188008117675781250e+01 1.399999976158142090e+00
5.712717819213867188e+01 5.642203140258789062e+01 5.465749359130859375e+01 5.252220535278320312e+01 5.191446685791015625e+01 1.409999966621398926e+00
5.714844894409179688e+01 5.646741867065429688e+01 5.471107101440429688e+01 5.256143951416015625e+01 5.192987060546875000e+01 1.419999957084655762e+00
5.716872406005859375e+01 5.651484298706054688e+01 5.475936889648437500e+01 5.260105514526367188e+01 5.196377944946289062e+01 1.429999947547912598e+00
5.719027709960937500e+01 5.656281661987304688e+01 5.480353927612304688e+01 5.264299774169921875e+01 5.199479293823242188e+01 1.439999938011169434e+00
5.721175765991210938e+01 5.661173248291015625e+01 5.483852005004882812e+01 5.268589401245117188e+01 5.202027511596679688e+01 1.449999928474426270e+00
5.716521453857421875e+01 5.653216552734375000e+01 5.476053619384765625e+01 5.263955307006835938e+01 5.196149444580078125e+01 1.459999918937683105e+00
5.718399429321289062e+01 5.658227157592773438e+01 5.479449844360351562e+01 5.268466186523437500e+01 5.199479675292968750e+01 1.469999909400939941e+00
5.720349502563476562e+01 5.663265228271484375e+01 5.482861709594726562e+01 5.273052215576171875e+01 5.201940536499023438e+01 1.480000019073486328e+00
5.722258377075195312e+01 5.668356323242187500e+01 5.486333465576171875e+01 5.277643966674804688e+01 5.204473876953125000e+01 1.490000009536743164e+00
5.724112701416015625e+01 5.673588180541992188e+01 5.489890670776367188e+01 5.282351684570312500e+01 5.208056640625000000e+01 1.500000000000000000e+00
5.725831604003906250e+01 5.678871917724609375e+01 5.493724060058593750e+01 5.287170410156250000e+01 5.211065292358398438e+01 1.509999990463256836e+00
5.727867889404296875e+01 5.684085464477539062e+01 5.497358322143554688e+01 5.292196273803710938e+01 5.214688873291015625e+01 1.519999980926513672e+00
5.729921722412109375e+01 5.689448165893554688e+01 5.501840209960937500e+01 5.297220993041992188e+01 5.217671585083007812e+01 1.529999971389770508e+00
5.731719589233398438e+01 5.694745254516601562e+01 5.506455612182617188e+01 5.302426910400390625e+01 5.220445251464843750e+01 1.539999961853027344e+00
5.733612442016601562e+01 5.700076293945312500e+01 5.511784744262695312e+01 5.307594680786132812e+01 5.223119354248046875e+01 1.549999952316284180e+00
5.735005950927734375e+01 5.705276107788085938e+01 5.517637634277343750e+01 5.312680053710937500e+01 5.226291656494140625e+01 1.559999942779541016e+00
5.731995010375976562e+01 5.699034500122070312e+01 5.510858917236328125e+01 5.307470321655273438e+01 5.220403289794921875e+01 1.569999933242797852e+00
5.733937454223632812e+01 5.704577255249023438e+01 5.517270278930664062e+01 5.311894226074218750e+01 5.223797607421875000e+01 1.579999923706054688e+00
5.735778045654296875e+01 5.710056304931640625e+01 5.523405456542968750e+01 5.316147613525390625e+01 5.227371597290039062e+01 1.589999914169311523e+00
5.737850570678710938e+01 5.715684509277343750e+01 5.529330444335937500e+01 5.320216751098632812e+01 5.231314849853515625e+01 1.599999904632568359e+00
5.739767456054687500e+01 5.721255493164062500e+01 5.534418869018554688e+01 5.324292373657226562e+01 5.234628295898437500e+01 1.610000014305114746e+00
5.741734313964843750e+01 5.727006149291992188e+01 5.538710784912109375e+01 5.328396224975585938e+01 5.237994766235351562e+01 1.620000004768371582e+00
5.744013595581054688e+01 5.732584762573242188e+01 5.542219924926757812e+01 5.332739639282226562e+01 5.241075897216796875e+01 1.629999995231628418e+00
5.746067428588867188e+01 5.737992858886718750e+01 5.545501327514648438e+01 5.337183380126953125e+01 5.244087219238281250e+01 1.639999985694885254e+00
5.748248291015625000e+01 5.742869186401367188e+01 5.548533630371093750e+01 5.341824340820312500e+01 5.246890640258789062e+01 1.649999976158142090e+00
5.750374984741210938e+01 5.747216415405273438e+01 5.551484298706054688e+01 5.346522140502929688e+01 5.249428558349609375e+01 1.659999966621398926e+00
5.752405166625976562e+01 5.751051712036132812e+01 5.554734039306640625e+01 5.351500701904296875e+01 5.252386093139648438e+01 1.669999957084655762e+00
5.754449462890625000e+01 5.754508209228515625e+01 5.557918930053710938e+01 5.356571197509765625e+01 5.255855941772460938e+01 1.679999947547912598e+00
5.749936294555664062e+01 5.742929077148437500e+01 5.534444427490234375e+01 5.340647125244140625e+01 5.241202926635742188e+01 1.689999938011169434e+00
5.752101898193359375e+01 5.746253204345703125e+01 5.537345886230468750e+01 5.345677185058593750e+01 5.244223022460937500e+01 1.699999928474426270e+00
5.754229736328125000e+01 5.749380493164062500e+01 5.540076446533203125e+01 5.350852203369140625e+01 5.247389984130859375e+01 1.709999918937683105e+00
5.756348037719726562e+01 5.752406692504882812e+01 5.542523956298828125e+01 5.356005477905273438e+01 5.250458526611328125e+01 1.719999909400939941e+00
5.758507537841796875e+01 5.755393981933593750e+01 5.545103454589843750e+01 5.361183547973632812e+01 5.253376007080078125e+01 1.730000019073486328e+00
5.760652160644531250e+01 5.758282089233398438e+01 5.547576904296875000e+01 5.366436004638671875e+01 5.256121444702148438e+01 1.740000009536743164e+00
5.762752151489257812e+01 5.761180877685546875e+01 5.550111770629882812e+01 5.371704101562500000e+01 5.258835220336914062e+01 1.750000000000000000e+00
5.764655685424804688e+01 5.764022445678710938e+01 5.552942657470703125e+01 5.377024841308593750e+01 5.261893844604492188e+01 1.759999990463256836e+00
5.766196060180664062e+01 5.766811752319335938e+01 5.555927276611328125e+01 5.382424545288085938e+01 5.265302658081054688e+01 1.769999980926513672e+00
5.767548751831054688e+01 5.769526290893554688e+01 5.559117507934570312e+01 5.387756729125976562e+01 5.268832397460937500e+01 1.779999971389770508e+00
5.762922668457031250e+01 5.765589523315429688e+01 5.552896118164062500e+01 5.384816741943359375e+01 5.264965057373046875e+01 1.789999961853027344e+00
5.763978576660156250e+01 5.768209457397460938e+01 5.556528472900390625e+01 5.390171813964843750e+01 5.269277191162109375e+01 1.799999952316284180e+00
5.765513610839843750e+01 5.770674896240234375e+01 5.560197067260742188e+01 5.395536422729492188e+01 5.273134231567382812e+01 1.809999942779541016e+00
5.767116165161132812e+01 5.772982788085937500e+01 5.563863372802734375e+01 5.400817871093750000e+01 5.276367187500000000e+01 1.819999933242797852e+00
5.768487167358398438e+01 5.775138854980468750e+01 5.567214202880859375e+01 5.406344985961914062e+01 5.279701995849609375e+01 1.829999923706054688e+00
5.769871902465820312e+01 5.777180480957031250e+01 5.570204544067382812e+01 5.411836242675781250e+01 5.283856964111328125e+01 1.839999914169311523e+00
5.771351242065429688e+01 5.779122161865234375e+01 5.573085784912109375e+01 5.417634963989257812e+01 5.288222503662109375e+01 1.849999904632568359e+00
5.770642471313476562e+01 5.778868484497070312e+01 5.571028518676757812e+01 5.419819641113281250e+01 5.289640426635742188e+01 1.860000014305114746e+00
5.771812820434570312e+01 5.780789184570312500e+01 5.573415756225585938e+01 5.426049423217773438e+01 5.294059753417968750e+01 1.870000004768371582e+00
5.773058700561523438e+01 5.782679748535156250e+01 5.575683593750000000e+01 5.432246017456054688e+01 5.298348236083984375e+01 1.879999995231628418e+00
5.774548721313476562e+01 5.784554672241210938e+01 5.577937698364257812e+01 5.438327789306640625e+01 5.302610397338867188e+01 1.889999985694885254e+00
5.775879669189453125e+01 5.786390304565429688e+01 5.580189514160156250e+01 5.444156646728515625e+01 5.307247924804687500e+01 1.899999976158142090e+00
5.765435791015625000e+01 5.773375701904296875e+01 5.570691299438476562e+01 5.441569900512695312e+01 5.305258178710937500e+01 1.909999966621398926e+00
5.766793060302734375e+01 5.775190734863281250e+01 5.573062133789062500e+01 5.446689987182617188e+01 5.309371566772460938e+01 1.919999957084655762e+00
5.768121337890625000e+01 5.776921081542968750e+01 5.575586318969726562e+01 5.451443862915039062e+01 5.312756729125976562e+01 1.929999947547912598e+00
5.769302368164062500e+01 5.778610610961914062e+01 5.578107452392578125e+01 5.455920791625976562e+01 5.315930938720703125e+01 1.939999938011169434e+00
5.770397567749023438e+01 5.780218124389648438e+01 5.580918121337890625e+01 5.460284805297851562e+01 5.319447326660156250e+01 1.949999928474426270e+00
5.771665954589843750e+01 5.781765747070312500e+01 5.584035491943359375e+01 5.464577102661132812e+01 5.322903442382812500e+01 1.959999918937683105e+00
5.772890853881835938e+01 5.783218002319335938e+01 5.587306213378906250e+01 5.468058776855468750e+01 5.326124572753906250e+01 1.969999909400939941e+00
5.776216125488281250e+01 5.787128448486328125e+01 5.580681610107421875e+01 5.462582397460937500e+01 5.322019195556640625e+01 1.979999899864196777e+00
5.777552413940429688e+01 5.788623809814453125e+01 5.584511947631835938e+01 5.465047836303710938e+01 5.325532150268554688e+01 1.990000009536743164e+00
5.778907394409179688e+01 5.790088272094726562e+01 5.588319015502929688e+01 5.467331695556640625e+01 5.329239654541015625e+01 2.000000000000000000e+00
5.780274963378906250e+01 5.791529846191406250e+01 5.592124557495117188e+01 5.469746398925781250e+01 5.332283401489257812e+01 2.009999990463256836e+00
5.781556320190429688e+01 5.792964553833007812e+01 5.596010971069335938e+01 5.472387695312500000e+01 5.335509490966796875e+01 2.019999980926513672e+00
5.782771301269531250e+01 5.794380569458007812e+01 5.599708938598632812e+01 5.474944305419921875e+01 5.339145278930664062e+01 2.029999971389770508e+00
5.786124420166015625e+01 5.797266769409179688e+01 5.592241287231445312e+01 5.468337631225585938e+01 5.335670089721679688e+01 2.039999961853027344e+00
5.787290954589843750e+01 5.798847579956054688e+01 5.596217727661132812e+01 5.471223068237304688e+01 5.340206146240234375e+01 2.049999952316284180e+00
5.788525772094726562e+01 5.800391006469726562e+01 5.600304412841796875e+01 5.474036788940429688e+01 5.344766616821289062e+01 2.059999942779541016e+00
5.789535522460937500e+01 5.801873779296875000e+01 5.604364776611328125e+01 5.477136230468750000e+01 5.349224090576171875e+01 2.069999933242797852e+00
5.790636825561523438e+01 5.803326034545898438e+01 5.608604049682617188e+01 5.480734252929687500e+01 5.353644943237304688e+01 2.079999923706054688e+00
5.791725540161132812e+01 5.804713439941406250e+01 5.612751770019531250e+01 5.484496688842773438e+01 5.358033370971679688e+01 2.089999914169311523e+00
5.792840576171875000e+01 5.806045913696289062e+01 5.616932678222656250e+01 5.488771057128906250e+01 5.362408065795898438e+01 2.099999904632568359e+00
5.795694732666015625e+01 5.810332489013671875e+01 5.609755706787109375e+01 5.483762359619140625e+01 5.358899307250976562e+01 2.109999895095825195e+00
5.796701431274414062e+01 5.811708831787109375e+01 5.614155197143554688e+01 5.488160324096679688e+01 5.363259506225585938e+01 2.119999885559082031e+00
5.797237014770507812e+01 5.812478637695312500e+01 5.618268585205078125e+01 5.492213439941406250e+01 5.366852951049804688e+01 2.129999876022338867e+00
5.798259353637695312e+01 5.813762283325195312e+01 5.622950744628906250e+01 5.497119903564453125e+01 5.371420669555664062e+01 2.139999866485595703e+00
5.799310302734375000e+01 5.815010452270507812e+01 5.627801513671875000e+01 5.501781845092773438e+01 5.376035308837890625e+01 2.149999856948852539e+00
5.800419616699218750e+01 5.816220855712890625e+01 5.632645416259765625e+01 5.506517028808593750e+01 5.380823898315429688e+01 2.159999847412109375e+00
5.801459884643554688e+01 5.817436981201171875e+01 5.637515640258789062e+01 5.510438537597656250e+01 5.385659027099609375e+01 2.169999837875366211e+00
5.806114959716796875e+01 5.824936294555664062e+01 5.629620361328125000e+01 5.503688812255859375e+01 5.382798385620117188e+01 2.180000066757202148e+00
5.807364654541015625e+01 5.826172256469726562e+01 5.634676742553710938e+01 5.506277084350585938e+01 5.387181854248046875e+01 2.190000057220458984e+00
5.808433914184570312e+01 5.827363586425781250e+01 5.639686965942382812e+01 5.508279037475585938e+01 5.391749954223632812e+01 2.200000047683715820e+00
5.809693145751953125e+01 5.828507232666015625e+01 5.644731903076171875e+01 5.510112380981445312e+01 5.396230697631835938e+01 2.210000038146972656e+00
5.810963058471679688e+01 5.829626083374023438e+01 5.649781417846679688e+01 5.511979293823242188e+01 5.400867843627929688e+01 2.220000028610229492e+00
5.812197875976562500e+01 5.830713653564453125e+01 5.655031585693359375e+01 5.513715744018554688e+01 5.405499267578125000e+01 2.230000019073486328e+00
5.813561630249023438e+01 5.831784057617187500e+01 5.660478591918945312e+01 5.515562057495117188e+01 5.410201644897460938e+01 2.240000009536743164e+00
5.819174194335937500e+01 5.835844039916992188e+01 5.650062179565429688e+01 5.505426025390625000e+01 5.405704879760742188e+01 2.250000000000000000e+00
5.820370101928710938e+01 5.836986541748046875e+01 5.655691909790039062e+01 5.507132339477539062e+01 5.410926818847656250e+01 2.259999990463256836e+00
5.821671676635742188e+01 5.838064575195312500e+01 5.661641693115234375e+01 5.508869171142578125e+01 5.415636825561523438e+01 2.269999980926513672e+00
5.823015213012695312e+01 5.839118576049804688e+01 5.667817687988281250e+01 5.510539245605468750e+01 5.419980621337890625e+01 2.279999971389770508e+00
5.824422836303710938e+01 5.840122222900390625e+01 5.673992919921875000e+01 5.511758804321289062e+01 5.424051284790039062e+01 2.289999961853027344e+00
5.825826644897460938e+01 5.841099166870117188e+01 5.680039215087890625e+01 5.512806320190429688e+01 5.428702926635742188e+01 2.299999952316284180e+00
5.827334594726562500e+01 5.842035675048828125e+01 5.685718154907226562e+01 5.513691329956054688e+01 5.433440017700195312e+01 2.309999942779541016e+00
5.828791046142578125e+01 5.842922210693359375e+01 5.691182708740234375e+01 5.514606475830078125e+01 5.437285995483398438e+01 2.319999933242797852e+00
5.834735870361328125e+01 5.849281311035156250e+01 5.678990173339843750e+01 5.502666473388671875e+01 5.429476547241210938e+01 2.329999923706054688e+00
5.836235046386718750e+01 5.850171279907226562e+01 5.683734130859375000e+01 5.503959655761718750e+01 5.433577728271484375e+01 2.339999914169311523e+00
5.837920761108398438e+01 5.851003646850585938e+01 5.688401031494140625e+01 5.505347061157226562e+01 5.438079833984375000e+01 2.349999904632568359e+00
5.839649581909179688e+01 5.851808166503906250e+01 5.692855453491210938e+01 5.506940460205078125e+01 5.442694854736328125e+01 2.359999895095825195e+00
5.841336441040039062e+01 5.852619171142578125e+01 5.697271347045898438e+01 5.508823394775390625e+01 5.446170425415039062e+01 2.369999885559082031e+00
5.842864990234375000e+01 5.853425598144531250e+01 5.701379394531250000e+01 5.510837554931640625e+01 5.448298263549804688e+01 2.379999876022338867e+00
5.844062805175781250e+01 5.853757476806640625e+01 5.705025100708007812e+01 5.512647628784179688e+01 5.448487091064453125e+01 2.389999866485595703e+00
5.845569229125976562e+01 5.854564285278320312e+01 5.709004211425781250e+01 5.515130615234375000e+01 5.449201202392578125e+01 2.399999856948852539e+00
5.847286987304687500e+01 5.855341339111328125e+01 5.713093185424804688e+01 5.517742156982421875e+01 5.451437377929687500e+01 2.409999847412109375e+00
5.848959732055664062e+01 5.856128311157226562e+01 5.717060089111328125e+01 5.520320129394531250e+01 5.454519653320312500e+01 2.419999837875366211e+00
5.849816513061523438e+01 5.861210250854492188e+01 5.703294754028320312e+01 5.508752059936523438e+01 5.445987701416015625e+01 2.429999828338623047e+00
5.852032470703125000e+01 5.862371444702148438e+01 5.708018875122070312e+01 5.511518859863281250e+01 5.448947906494140625e+01 2.440000057220458984e+00
5.853762435913085938e+01 5.863051986694335938e+01 5.712428283691406250e+01 5.513619232177734375e+01 5.450772857666015625e+01 2.450000047683715820e+00
5.855590057373046875e+01 5.863716888427734375e+01 5.716960906982421875e+01 5.515413284301757812e+01 5.451858520507812500e+01 2.460000038146972656e+00
5.856473922729492188e+01 5.862970733642578125e+01 5.716775512695312500e+01 5.513820648193359375e+01 5.451749420166015625e+01 2.470000028610229492e+00
5.858407592773437500e+01 5.863629150390625000e+01 5.721367263793945312e+01 5.515235519409179688e+01 5.454450225830078125e+01 2.480000019073486328e+00
5.860342788696289062e+01 5.864276504516601562e+01 5.725873947143554688e+01 5.516386032104492188e+01 5.456588363647460938e+01 2.490000009536743164e+00
5.862397003173828125e+01 5.864920043945312500e+01 5.730347824096679688e+01 5.517537689208984375e+01 5.459180068969726562e+01 2.500000000000000000e+00
5.860535812377929688e+01 5.861385345458984375e+01 5.718721389770507812e+01 5.507677841186523438e+01 5.453806304931640625e+01 2.509999990463256836e+00
5.862669754028320312e+01 5.862004852294921875e+01 5.722987747192382812e+01 5.508851623535156250e+01 5.457012939453125000e+01 2.519999980926513672e+00
5.864789199829101562e+01 5.862625503540039062e+01 5.726856613159179688e+01 5.510149383544921875e+01 5.460690689086914062e+01 2.529999971389770508e+00
5.866908264160156250e+01 5.863224411010742188e+01 5.730686187744140625e+01 5.511599349975585938e+01 5.465001678466796875e+01 2.539999961853027344e+00
5.869021987915039062e+01 5.863798141479492188e+01 5.734334564208984375e+01 5.513106155395507812e+01 5.468836593627929688e+01 2.549999952316284180e+00
5.871139526367187500e+01 5.864411544799804688e+01 5.737823867797851562e+01 5.514696502685546875e+01 5.471618270874023438e+01 2.559999942779541016e+00
5.873239135742187500e+01 5.865004348754882812e+01 5.741468429565429688e+01 5.516334152221679688e+01 5.475685501098632812e+01 2.569999933242797852e+00
5.875422286987304688e+01 5.865591430664062500e+01 5.745171356201171875e+01 5.518136978149414062e+01 5.480350875854492188e+01 2.579999923706054688e+00
5.877581787109375000e+01 5.866170501708984375e+01 5.749031066894531250e+01 5.519994354248046875e+01 5.484687805175781250e+01 2.589999914169311523e+00
5.879885101318359375e+01 5.866796493530273438e+01 5.752910232543945312e+01 5.522130203247070312e+01 5.487815856933593750e+01 2.599999904632568359e+00
5.882257461547851562e+01 5.867417144775390625e+01 5.756940460205078125e+01 5.524468994140625000e+01 5.490313339233398438e+01 2.609999895095825195e+00
5.884510803222656250e+01 5.868031311035156250e+01 5.761002349853515625e+01 5.526973342895507812e+01 5.491476058959960938e+01 2.619999885559082031e+00
5.878915786743164062e+01 5.860205841064453125e+01 5.724348068237304688e+01 5.498604965209960938e+01 5.464864349365234375e+01 2.629999876022338867e+00
5.881325912475585938e+01 5.860839843750000000e+01 5.728684997558593750e+01 5.501134109497070312e+01 5.465464019775390625e+01 2.639999866485595703e+00
5.883643722534179688e+01 5.861498641967773438e+01 5.732931518554687500e+01 5.503757858276367188e+01 5.466186904907226562e+01 2.649999856948852539e+00
5.885861206054687500e+01 5.862150192260742188e+01 5.737279129028320312e+01 5.506321334838867188e+01 5.467267608642578125e+01 2.659999847412109375e+00
5.888248443603515625e+01 5.862807846069335938e+01 5.741553115844726562e+01 5.508906173706054688e+01 5.468690490722656250e+01 2.669999837875366211e+00
5.890757369995117188e+01 5.863449859619140625e+01 5.745797348022460938e+01 5.511381912231445312e+01 5.470233154296875000e+01 2.679999828338623047e+00
5.893156814575195312e+01 5.864117813110351562e+01 5.749844741821289062e+01 5.513865280151367188e+01 5.471989440917968750e+01 2.690000057220458984e+00
5.895707702636718750e+01 5.864766693115234375e+01 5.753814315795898438e+01 5.516412353515625000e+01 5.473163604736328125e+01 2.700000047683715820e+00
5.898155593872070312e+01 5.865410614013671875e+01 5.757613372802734375e+01 5.519001007080078125e+01 5.474461746215820312e+01 2.710000038146972656e+00
5.900811004638671875e+01 5.866093826293945312e+01 5.761327743530273438e+01 5.521766281127929688e+01 5.476000213623046875e+01 2.720000028610229492e+00
5.903203582763671875e+01 5.866742324829101562e+01 5.765029525756835938e+01 5.524449539184570312e+01 5.476752471923828125e+01 2.730000019073486328e+00
5.905661773681640625e+01 5.867424392700195312e+01 5.768666458129882812e+01 5.527379226684570312e+01 5.477740478515625000e+01 2.740000009536743164e+00
5.908169555664062500e+01 5.868089294433593750e+01 5.772501373291015625e+01 5.530231857299804688e+01 5.478452682495117188e+01 2.750000000000000000e+00
5.910839462280273438e+01 5.868782043457031250e+01 5.776268768310546875e+01 5.533139801025390625e+01 5.478657913208007812e+01 2.759999990463256836e+00
5.913420486450195312e+01 5.869492340087890625e+01 5.780278396606445312e+01 5.535962677001953125e+01 5.478777694702148438e+01 2.769999980926513672e+00
5.916146469116210938e+01 5.870232772827148438e+01 5.784230804443359375e+01 5.538890075683593750e+01 5.478892517089843750e+01 2.779999971389770508e+00
5.918687820434570312e+01 5.870942306518554688e+01 5.788406372070312500e+01 5.541996765136718750e+01 5.480837249755859375e+01 2.789999961853027344e+00
5.921187210083007812e+01 5.871680450439453125e+01 5.792639923095703125e+01 5.545118331909179688e+01 5.482079315185546875e+01 2.799999952316284180e+00
5.860541152954101562e+01 5.810839462280273438e+01 5.740155410766601562e+01 5.512299728393554688e+01 5.454283142089843750e+01 2.809999942779541016e+00
5.862841033935546875e+01 5.811454391479492188e+01 5.744336700439453125e+01 5.515174865722656250e+01 5.454996490478515625e+01 2.819999933242797852e+00
5.865139007568359375e+01 5.812112808227539062e+01 5.748435211181640625e+01 5.518177795410156250e+01 5.455877685546875000e+01 2.829999923706054688e+00
5.867456817626953125e+01 5.812763595581054688e+01 5.752494430541992188e+01 5.521045303344726562e+01 5.456902694702148438e+01 2.839999914169311523e+00
5.869508361816406250e+01 5.813397216796875000e+01 5.756411743164062500e+01 5.523917388916015625e+01 5.458274078369140625e+01 2.849999904632568359e+00
5.871652603149414062e+01 5.814051055908203125e+01 5.760358428955078125e+01 5.526784896850585938e+01 5.460327911376953125e+01 2.859999895095825195e+00
5.873795318603515625e+01 5.814677429199218750e+01 5.764012145996093750e+01 5.529713821411132812e+01 5.462498474121093750e+01 2.869999885559082031e+00
5.876003646850585938e+01 5.815269851684570312e+01 5.767742919921875000e+01 5.532688522338867188e+01 5.464539337158203125e+01 2.879999876022338867e+00
5.878215789794921875e+01 5.815895843505859375e+01 5.771485900878906250e+01 5.535606002807617188e+01 5.466475296020507812e+01 2.889999866485595703e+00
5.880325317382812500e+01 5.816475677490234375e+01 5.775178909301757812e+01 5.538681793212890625e+01 5.468129730224609375e+01 2.899999856948852539e+00
5.882270431518554688e+01 5.817037963867187500e+01 5.778894042968750000e+01 5.541647338867187500e+01 5.469773864746093750e+01 2.909999847412109375e+00
5.884115982055664062e+01 5.817674636840820312e+01 5.782529449462890625e+01 5.544737625122070312e+01 5.471339035034179688e+01 2.919999837875366211e+00
5.885894775390625000e+01 5.818235015869140625e+01 5.786226272583007812e+01 5.547814559936523438e+01 5.472212982177734375e+01 2.929999828338623047e+00
5.887726593017578125e+01 5.818814849853515625e+01 5.789886474609375000e+01 5.551057052612304688e+01 5.473144912719726562e+01 2.939999818801879883e+00
5.889697265625000000e+01 5.819446563720703125e+01 5.793499374389648438e+01 5.554360580444335938e+01 5.474118804931640625e+01 2.950000047683715820e+00
5.891796875000000000e+01 5.820077133178710938e+01 5.796891784667968750e+01 5.557771682739257812e+01 5.474837112426757812e+01 2.960000038146972656e+00
5.893866729736328125e+01 5.820684051513671875e+01 5.800273513793945312e+01 5.561220169067382812e+01 5.475476074218750000e+01 2.970000028610229492e+00
5.895918655395507812e+01 5.821383666992187500e+01 5.803499221801757812e+01 5.564879989624023438e+01 5.476048278808593750e+01 2.980000019073486328e+00
5.895006561279296875e+01 5.827961349487304688e+01 5.792563247680664062e+01 5.530071258544921875e+01 5.448162841796875000e+01 2.990000009536743164e+00
5.896776962280273438e+01 5.828654098510742188e+01 5.796643066406250000e+01 5.533441925048828125e+01 5.449148559570312500e+01 3.000000000000000000e+00
5.898699569702148438e+01 5.829318618774414062e+01 5.800663375854492188e+01 5.536966705322265625e+01 5.449737167358398438e+01 3.009999990463256836e+00
5.900636672973632812e+01 5.829988098144531250e+01 5.804390335083007812e+01 5.540446472167968750e+01 5.450632476806640625e+01 3.019999980926513672e+00
5.902522659301757812e+01 5.830720138549804688e+01 5.807938003540039062e+01 5.543845367431640625e+01 5.452070617675781250e+01 3.029999971389770508e+00
5.904346466064453125e+01 5.831381988525390625e+01 5.811357879638671875e+01 5.547008514404296875e+01 5.452956390380859375e+01 3.039999961853027344e+00
5.906151962280273438e+01 5.832092666625976562e+01 5.814528656005859375e+01 5.550131988525390625e+01 5.453541564941406250e+01 3.049999952316284180e+00
5.908051681518554688e+01 5.832802200317382812e+01 5.817741394042968750e+01 5.553139495849609375e+01 5.454492950439453125e+01 3.059999942779541016e+00
5.909828948974609375e+01 5.833456802368164062e+01 5.820887374877929688e+01 5.556126022338867188e+01 5.455472183227539062e+01 3.069999933242797852e+00
5.911523437500000000e+01 5.834097671508789062e+01 5.823848724365234375e+01 5.559050750732421875e+01 5.456496810913085938e+01 3.079999923706054688e+00
5.913309478759765625e+01 5.834828186035156250e+01 5.826460647583007812e+01 5.562004470825195312e+01 5.457920074462890625e+01 3.089999914169311523e+00
5.914982604980468750e+01 5.835474395751953125e+01 5.828904342651367188e+01 5.564878082275390625e+01 5.459659576416015625e+01 3.099999904632568359e+00
