#     Mag U    Mag U    Mag U    Mag U    Mag U    Redshift
9.323843002319335938e+00 7.432048320770263672e+00 6.618948459625244141e+00 6.193053722381591797e+00 5.980121612548828125e+00 0.000000000000000000e+00
4.403538131713867188e+01 4.214654541015625000e+01 4.131045913696289062e+01 4.088381576538085938e+01 4.067188644409179688e+01 9.999999776482582092e-03
4.493525695800781250e+01 4.305274200439453125e+01 4.219392013549804688e+01 4.176883697509765625e+01 4.155601501464843750e+01 1.999999955296516418e-02
4.561461257934570312e+01 4.372830200195312500e+01 4.284536743164062500e+01 4.241951751708984375e+01 4.220015716552734375e+01 2.999999932944774628e-02
4.612896728515625000e+01 4.423887634277343750e+01 4.333366394042968750e+01 4.290777587890625000e+01 4.268379592895507812e+01 3.999999910593032837e-02
4.655490875244140625e+01 4.466025543212890625e+01 4.373350143432617188e+01 4.330628967285156250e+01 4.307808303833007812e+01 4.999999701976776123e-02
4.695071029663085938e+01 4.504358673095703125e+01 4.409729385375976562e+01 4.366444015502929688e+01 4.342826080322265625e+01 5.999999865889549255e-02
4.726985931396484375e+01 4.535146713256835938e+01 4.439379882812500000e+01 4.395466613769531250e+01 4.371146011352539062e+01 7.000000029802322388e-02
4.758651733398437500e+01 4.565661239624023438e+01 4.468027496337890625e+01 4.423266601562500000e+01 4.398535537719726562e+01 7.999999821186065674e-02
4.784524536132812500e+01 4.590895080566406250e+01 4.491420364379882812e+01 4.446047973632812500e+01 4.421225357055664062e+01 8.999999612569808960e-02
4.811596679687500000e+01 4.616727066040039062e+01 4.514899063110351562e+01 4.469139480590820312e+01 4.443739318847656250e+01 9.999999403953552246e-02
4.837471771240234375e+01 4.640881729125976562e+01 4.536515426635742188e+01 4.490652847290039062e+01 4.464822769165039062e+01 1.099999994039535522e-01
4.858570861816406250e+01 4.660876846313476562e+01 4.554112625122070312e+01 4.508449935913085938e+01 4.481916427612304688e+01 1.199999973177909851e-01
4.882383346557617188e+01 4.682644653320312500e+01 4.573149871826171875e+01 4.527147293090820312e+01 4.500247573852539062e+01 1.299999952316284180e-01
4.901802825927734375e+01 4.700368881225585938e+01 4.588489913940429688e+01 4.542112350463867188e+01 4.515008163452148438e+01 1.400000005960464478e-01
4.910831069946289062e+01 4.706789016723632812e+01 4.592014694213867188e+01 4.544715118408203125e+01 4.517573547363281250e+01 1.499999910593032837e-01
4.941830825805664062e+01 4.736391448974609375e+01 4.618800735473632812e+01 4.570716857910156250e+01 4.544039154052734375e+01 1.599999964237213135e-01
4.962919998168945312e+01 4.754703521728515625e+01 4.633922958374023438e+01 4.584805679321289062e+01 4.558656692504882812e+01 1.700000017881393433e-01
4.979375076293945312e+01 4.768986129760742188e+01 4.645777511596679688e+01 4.595755767822265625e+01 4.570164489746093750e+01 1.799999922513961792e-01
4.998774719238281250e+01 4.786170578002929688e+01 4.659862899780273438e+01 4.608766555786132812e+01 4.583434295654296875e+01 1.899999976158142090e-01
5.017937088012695312e+01 4.802921295166015625e+01 4.673406219482421875e+01 4.621309280395507812e+01 4.595946884155273438e+01 1.999999880790710449e-01
5.032463836669921875e+01 4.815876770019531250e+01 4.683547210693359375e+01 4.630766677856445312e+01 4.605556106567382812e+01 2.099999934434890747e-01
5.050797271728515625e+01 4.831854248046875000e+01 4.695991516113281250e+01 4.642242813110351562e+01 4.617210388183593750e+01 2.199999988079071045e-01
5.064679336547851562e+01 4.844001007080078125e+01 4.705093765258789062e+01 4.650793457031250000e+01 4.625697326660156250e+01 2.299999892711639404e-01
5.082809448242187500e+01 4.859078216552734375e+01 4.716821670532226562e+01 4.661545181274414062e+01 4.636341476440429688e+01 2.399999946355819702e-01
5.096165084838867188e+01 4.869908905029296875e+01 4.725335693359375000e+01 4.669332122802734375e+01 4.644324111938476562e+01 2.500000000000000000e-01
5.113927078247070312e+01 4.883955764770507812e+01 4.736526107788085938e+01 4.679459381103515625e+01 4.654697799682617188e+01 2.599999904632568359e-01
5.123914718627929688e+01 4.890233230590820312e+01 4.740197753906250000e+01 4.681959533691406250e+01 4.657555007934570312e+01 2.699999809265136719e-01
5.143808746337890625e+01 4.906831741333007812e+01 4.755267333984375000e+01 4.696186447143554688e+01 4.672292709350585938e+01 2.800000011920928955e-01
5.160712814331054688e+01 4.919620513916015625e+01 4.765969467163085938e+01 4.705550384521484375e+01 4.681813430786132812e+01 2.899999916553497314e-01
5.171168899536132812e+01 4.925601959228515625e+01 4.769915008544921875e+01 4.708168029785156250e+01 4.684329223632812500e+01 2.999999821186065674e-01
5.189451980590820312e+01 4.940685653686523438e+01 4.783484649658203125e+01 4.720949172973632812e+01 4.696630477905273438e+01 3.100000023841857910e-01
5.205530548095703125e+01 4.952858352661132812e+01 4.793239974975585938e+01 4.729716110229492188e+01 4.704598999023437500e+01 3.199999928474426270e-01
5.220847702026367188e+01 4.964942169189453125e+01 4.802661132812500000e+01 4.738254547119140625e+01 4.712138748168945312e+01 3.299999833106994629e-01
5.231241607666015625e+01 4.972789382934570312e+01 4.808728790283203125e+01 4.743811035156250000e+01 4.717060852050781250e+01 3.400000035762786865e-01
5.244053268432617188e+01 4.984642791748046875e+01 4.817959594726562500e+01 4.752019500732421875e+01 4.724752807617187500e+01 3.499999940395355225e-01
5.252362060546875000e+01 4.992273712158203125e+01 4.823845291137695312e+01 4.757300567626953125e+01 4.729889678955078125e+01 3.599999845027923584e-01
5.264067840576171875e+01 5.004057693481445312e+01 4.832835388183593750e+01 4.765351104736328125e+01 4.737245178222656250e+01 3.700000047683715820e-01
5.274991989135742188e+01 5.015356063842773438e+01 4.841783523559570312e+01 4.773331832885742188e+01 4.744185638427734375e+01 3.799999952316284180e-01
5.282603454589843750e+01 5.021480560302734375e+01 4.847634506225585938e+01 4.778258514404296875e+01 4.748331069946289062e+01 3.899999856948852539e-01
5.293639373779296875e+01 5.031008911132812500e+01 4.856915664672851562e+01 4.785869598388671875e+01 4.755106353759765625e+01 3.999999761581420898e-01
5.305049896240234375e+01 5.040173339843750000e+01 4.866205596923828125e+01 4.793261337280273438e+01 4.761867904663085938e+01 4.099999964237213135e-01
5.316489028930664062e+01 5.049046325683593750e+01 4.875541305541992188e+01 4.800392913818359375e+01 4.768563461303710938e+01 4.199999868869781494e-01
5.325072097778320312e+01 5.053340530395507812e+01 4.881537246704101562e+01 4.804475402832031250e+01 4.772336196899414062e+01 4.299999773502349854e-01
5.336837005615234375e+01 5.061721801757812500e+01 4.891089248657226562e+01 4.811513900756835938e+01 4.778853607177734375e+01 4.399999976158142090e-01
5.348583984375000000e+01 5.070225524902343750e+01 4.900496292114257812e+01 4.818413925170898438e+01 4.784991455078125000e+01 4.499999880790710449e-01
5.356200790405273438e+01 5.074399948120117188e+01 4.906301116943359375e+01 4.822146606445312500e+01 4.788578796386718750e+01 4.599999785423278809e-01
5.366239929199218750e+01 5.082947540283203125e+01 4.915427398681640625e+01 4.828761291503906250e+01 4.794765472412109375e+01 4.699999988079071045e-01
5.375613021850585938e+01 5.091451644897460938e+01 4.924625778198242188e+01 4.835292053222656250e+01 4.800961303710937500e+01 4.799999892711639404e-01
5.379778289794921875e+01 5.095816421508789062e+01 4.929699325561523438e+01 4.838086700439453125e+01 4.803694534301757812e+01 4.899999797344207764e-01
5.387541961669921875e+01 5.104898071289062500e+01 4.938781738281250000e+01 4.844368743896484375e+01 4.809481048583984375e+01 5.000000000000000000e-01
5.394760513305664062e+01 5.114086151123046875e+01 4.947728729248046875e+01 4.850597381591796875e+01 4.815215682983398438e+01 5.099999904632568359e-01
5.401634216308593750e+01 5.123006057739257812e+01 4.956610107421875000e+01 4.856680679321289062e+01 4.820984268188476562e+01 5.199999809265136719e-01
5.402632522583007812e+01 5.126755142211914062e+01 4.960991668701171875e+01 4.858414077758789062e+01 4.822332382202148438e+01 5.299999713897705078e-01
5.405821228027343750e+01 5.131656646728515625e+01 4.966450881958007812e+01 4.860971450805664062e+01 4.824774169921875000e+01 5.399999618530273438e-01
5.415868377685546875e+01 5.143512725830078125e+01 4.978629684448242188e+01 4.870331192016601562e+01 4.834283828735351562e+01 5.500000119209289551e-01
5.416513061523437500e+01 5.146794891357421875e+01 4.982598876953125000e+01 4.872312164306640625e+01 4.836371231079101562e+01 5.600000023841857910e-01
5.423219680786132812e+01 5.155324172973632812e+01 4.990896606445312500e+01 4.878302001953125000e+01 4.842133331298828125e+01 5.699999928474426270e-01
5.429825592041015625e+01 5.163736343383789062e+01 4.999097061157226562e+01 4.884287643432617188e+01 4.847802734375000000e+01 5.799999833106994629e-01
5.436319732666015625e+01 5.172164154052734375e+01 5.007049179077148438e+01 4.890134429931640625e+01 4.853226470947265625e+01 5.899999737739562988e-01
5.439707946777343750e+01 5.177498245239257812e+01 5.011757659912109375e+01 4.892839431762695312e+01 4.855828857421875000e+01 5.999999642372131348e-01
5.441800308227539062e+01 5.183649826049804688e+01 5.017570114135742188e+01 4.897494125366210938e+01 4.860354614257812500e+01 6.100000143051147461e-01
5.447917175292968750e+01 5.192266082763671875e+01 5.025113677978515625e+01 4.903015518188476562e+01 4.865170288085937500e+01 6.200000047683715820e-01
5.454222869873046875e+01 5.200868225097656250e+01 5.032660675048828125e+01 4.908568954467773438e+01 4.870426559448242188e+01 6.299999952316284180e-01
5.453807830810546875e+01 5.203971481323242188e+01 5.035348510742187500e+01 4.910171508789062500e+01 4.871839523315429688e+01 6.399999856948852539e-01
5.460361862182617188e+01 5.212800598144531250e+01 5.042855834960937500e+01 4.915900802612304688e+01 4.877118682861328125e+01 6.499999761581420898e-01
5.467050552368164062e+01 5.221859359741210938e+01 5.050339508056640625e+01 4.921608352661132812e+01 4.882085800170898438e+01 6.599999666213989258e-01
5.474161911010742188e+01 5.231163787841796875e+01 5.057699966430664062e+01 4.927245712280273438e+01 4.886743545532226562e+01 6.699999570846557617e-01
5.481100845336914062e+01 5.240488433837890625e+01 5.065006637573242188e+01 4.932892608642578125e+01 4.891446685791015625e+01 6.800000071525573730e-01
5.481704330444335938e+01 5.243625259399414062e+01 5.067132949829101562e+01 4.934299850463867188e+01 4.892135238647460938e+01 6.899999976158142090e-01
5.488987350463867188e+01 5.252362442016601562e+01 5.074580001831054688e+01 4.940089797973632812e+01 4.896840286254882812e+01 6.999999880790710449e-01
5.496359634399414062e+01 5.260801696777343750e+01 5.082181930541992188e+01 4.945803451538085938e+01 4.901609802246093750e+01 7.099999785423278809e-01
5.503797912597656250e+01 5.269258499145507812e+01 5.089540863037109375e+01 4.951456451416015625e+01 4.906358718872070312e+01 7.199999690055847168e-01
5.503855895996093750e+01 5.271062088012695312e+01 5.090568161010742188e+01 4.952523803710937500e+01 4.906707382202148438e+01 7.299999594688415527e-01
5.511315917968750000e+01 5.279592514038085938e+01 5.096529769897460938e+01 4.958398437500000000e+01 4.911105728149414062e+01 7.400000095367431641e-01
5.518651580810546875e+01 5.288421630859375000e+01 5.102054977416992188e+01 4.964468765258789062e+01 4.915620040893554688e+01 7.500000000000000000e-01
5.525887680053710938e+01 5.297262191772460938e+01 5.107365417480468750e+01 4.970676040649414062e+01 4.920019912719726562e+01 7.599999904632568359e-01
5.532857131958007812e+01 5.306321716308593750e+01 5.112621688842773438e+01 4.976921081542968750e+01 4.924542236328125000e+01 7.699999809265136719e-01
5.531420135498046875e+01 5.307682037353515625e+01 5.110890960693359375e+01 4.976574325561523438e+01 4.922451400756835938e+01 7.799999713897705078e-01
5.538507461547851562e+01 5.316658782958984375e+01 5.115688323974609375e+01 4.982884597778320312e+01 4.926845550537109375e+01 7.899999618530273438e-01
5.545473861694335938e+01 5.325523376464843750e+01 5.120491409301757812e+01 4.989229583740234375e+01 4.931455230712890625e+01 7.999999523162841797e-01
5.552428054809570312e+01 5.334514617919921875e+01 5.125509643554687500e+01 4.995698928833007812e+01 4.935599136352539062e+01 8.100000023841857910e-01
5.559091186523437500e+01 5.343429565429687500e+01 5.130598449707031250e+01 5.002251434326171875e+01 4.940050125122070312e+01 8.199999928474426270e-01
5.558650588989257812e+01 5.343876647949218750e+01 5.129016876220703125e+01 5.002401733398437500e+01 4.938397216796875000e+01 8.299999833106994629e-01
5.564908981323242188e+01 5.352728652954101562e+01 5.133977127075195312e+01 5.008877182006835938e+01 4.941988754272460938e+01 8.399999737739562988e-01
5.570904922485351562e+01 5.361623764038085938e+01 5.139179229736328125e+01 5.015363311767578125e+01 4.946393203735351562e+01 8.499999642372131348e-01
5.576485061645507812e+01 5.370743179321289062e+01 5.144597625732421875e+01 5.021922683715820312e+01 4.951049423217773438e+01 8.599999547004699707e-01
5.581427764892578125e+01 5.379998397827148438e+01 5.150160598754882812e+01 5.028337478637695312e+01 4.955692291259765625e+01 8.700000047683715820e-01
5.586334991455078125e+01 5.389634704589843750e+01 5.155844497680664062e+01 5.034601593017578125e+01 4.960249710083007812e+01 8.799999952316284180e-01
5.584469985961914062e+01 5.390557861328125000e+01 5.154531860351562500e+01 5.034043502807617188e+01 4.958590316772460938e+01 8.899999856948852539e-01
5.589229965209960938e+01 5.400115203857421875e+01 5.159881591796875000e+01 5.040020751953125000e+01 4.962822341918945312e+01 8.999999761581420898e-01
5.593632888793945312e+01 5.409099197387695312e+01 5.165092849731445312e+01 5.045781707763671875e+01 4.967369079589843750e+01 9.099999666213989258e-01
5.597927474975585938e+01 5.417100906372070312e+01 5.170121002197265625e+01 5.051547622680664062e+01 4.972027969360351562e+01 9.199999570846557617e-01
5.601947021484375000e+01 5.424561309814453125e+01 5.175353240966796875e+01 5.057414627075195312e+01 4.976637268066406250e+01 9.300000071525573730e-01
5.597656250000000000e+01 5.421025466918945312e+01 5.173191452026367188e+01 5.055976867675781250e+01 4.974944305419921875e+01 9.399999976158142090e-01
5.601496505737304688e+01 5.427464675903320312e+01 5.178722000122070312e+01 5.061474609375000000e+01 4.979448318481445312e+01 9.499999880790710449e-01
5.605324554443359375e+01 5.432745361328125000e+01 5.184299087524414062e+01 5.066862487792968750e+01 4.983558273315429688e+01 9.599999785423278809e-01
5.608974838256835938e+01 5.437913131713867188e+01 5.189930725097656250e+01 5.072319793701171875e+01 4.988313674926757812e+01 9.699999690055847168e-01
5.612772369384765625e+01 5.443096923828125000e+01 5.195526504516601562e+01 5.078038787841796875e+01 4.993078231811523438e+01 9.799999594688415527e-01
5.616539001464843750e+01 5.448278045654296875e+01 5.201227569580078125e+01 5.083614349365234375e+01 4.997679519653320312e+01 9.899999499320983887e-01
5.607488250732421875e+01 5.441531753540039062e+01 5.197935104370117188e+01 5.080171966552734375e+01 4.993210983276367188e+01 1.000000000000000000e+00
5.611053466796875000e+01 5.447240066528320312e+01 5.203836059570312500e+01 5.085703277587890625e+01 4.997863769531250000e+01 1.009999990463256836e+00
5.614754486083984375e+01 5.453266906738281250e+01 5.209820938110351562e+01 5.091230010986328125e+01 5.003331375122070312e+01 1.019999980926513672e+00
5.618335723876953125e+01 5.460046005249023438e+01 5.215678024291992188e+01 5.096915054321289062e+01 5.008278656005859375e+01 1.029999971389770508e+00
5.621652984619140625e+01 5.467189025878906250e+01 5.221514511108398438e+01 5.102276992797851562e+01 5.013901901245117188e+01 1.039999961853027344e+00
5.625004959106445312e+01 5.474661636352539062e+01 5.227266311645507812e+01 5.107791900634765625e+01 5.018745803833007812e+01 1.049999952316284180e+00
5.628546905517578125e+01 5.483110046386718750e+01 5.233063125610351562e+01 5.113486480712890625e+01 5.024340820312500000e+01 1.059999942779541016e+00
5.630315017700195312e+01 5.489946746826171875e+01 5.237459564208984375e+01 5.117568206787109375e+01 5.028276824951171875e+01 1.069999933242797852e+00
5.625915908813476562e+01 5.485416030883789062e+01 5.234316635131835938e+01 5.114412689208984375e+01 5.025088119506835938e+01 1.079999923706054688e+00
5.630106353759765625e+01 5.494145202636718750e+01 5.241875839233398438e+01 5.121428680419921875e+01 5.032200622558593750e+01 1.090000033378601074e+00
5.633054351806640625e+01 5.500313568115234375e+01 5.248209381103515625e+01 5.126480102539062500e+01 5.037388610839843750e+01 1.100000023841857910e+00
5.635797500610351562e+01 5.505768585205078125e+01 5.254368209838867188e+01 5.130753707885742188e+01 5.043182754516601562e+01 1.110000014305114746e+00
5.638507080078125000e+01 5.510887145996093750e+01 5.260412597656250000e+01 5.134568405151367188e+01 5.048317718505859375e+01 1.120000004768371582e+00
5.640712738037109375e+01 5.515671157836914062e+01 5.266261291503906250e+01 5.138163757324218750e+01 5.053594207763671875e+01 1.129999995231628418e+00
5.637911605834960938e+01 5.506596755981445312e+01 5.261769485473632812e+01 5.132748413085937500e+01 5.050738906860351562e+01 1.139999985694885254e+00
5.640618896484375000e+01 5.511329650878906250e+01 5.267568206787109375e+01 5.136576080322265625e+01 5.056097030639648438e+01 1.149999976158142090e+00
5.643154907226562500e+01 5.515662765502929688e+01 5.273464584350585938e+01 5.140324020385742188e+01 5.060778045654296875e+01 1.159999966621398926e+00
5.645636367797851562e+01 5.519661712646484375e+01 5.279461288452148438e+01 5.143999862670898438e+01 5.065183639526367188e+01 1.169999957084655762e+00
5.648252105712890625e+01 5.523472213745117188e+01 5.285612106323242188e+01 5.147604751586914062e+01 5.070154190063476562e+01 1.179999947547912598e+00
5.650719833374023438e+01 5.527163314819335938e+01 5.291987609863281250e+01 5.150993347167968750e+01 5.074397277832031250e+01 1.189999938011169434e+00
5.651755523681640625e+01 5.529682540893554688e+01 5.297325134277343750e+01 5.153318405151367188e+01 5.077956008911132812e+01 1.199999928474426270e+00
5.654199600219726562e+01 5.533620834350585938e+01 5.303855514526367188e+01 5.157009887695312500e+01 5.081806182861328125e+01 1.209999918937683105e+00
5.650421905517578125e+01 5.512784194946289062e+01 5.290366744995117188e+01 5.144763183593750000e+01 5.071823120117187500e+01 1.220000028610229492e+00
5.653107070922851562e+01 5.517320632934570312e+01 5.296811294555664062e+01 5.148343658447265625e+01 5.076422882080078125e+01 1.230000019073486328e+00
5.655564880371093750e+01 5.522166442871093750e+01 5.303235626220703125e+01 5.151871109008789062e+01 5.081475448608398438e+01 1.240000009536743164e+00
5.658098983764648438e+01 5.526966857910156250e+01 5.309574508666992188e+01 5.155437088012695312e+01 5.085927581787109375e+01 1.250000000000000000e+00
5.660401153564453125e+01 5.531659317016601562e+01 5.316079330444335938e+01 5.159194183349609375e+01 5.090548324584960938e+01 1.259999990463256836e+00
5.662513732910156250e+01 5.536088562011718750e+01 5.322468566894531250e+01 5.163090896606445312e+01 5.095034790039062500e+01 1.269999980926513672e+00
5.659668350219726562e+01 5.530258941650390625e+01 5.320711517333984375e+01 5.160262680053710938e+01 5.092870330810546875e+01 1.279999971389770508e+00
5.662132644653320312e+01 5.533837127685546875e+01 5.327331924438476562e+01 5.164288711547851562e+01 5.097513961791992188e+01 1.289999961853027344e+00
5.664529037475585938e+01 5.537083053588867188e+01 5.333948898315429688e+01 5.168242263793945312e+01 5.102123260498046875e+01 1.299999952316284180e+00
5.666788482666015625e+01 5.540302658081054688e+01 5.340776062011718750e+01 5.172048187255859375e+01 5.106802749633789062e+01 1.309999942779541016e+00
5.668992233276367188e+01 5.543565750122070312e+01 5.347703170776367188e+01 5.175735092163085938e+01 5.110827636718750000e+01 1.319999933242797852e+00
5.668925857543945312e+01 5.542388534545898438e+01 5.350989532470703125e+01 5.175879669189453125e+01 5.112223052978515625e+01 1.329999923706054688e+00
5.670975494384765625e+01 5.545866012573242188e+01 5.358304977416992188e+01 5.179332733154296875e+01 5.116497802734375000e+01 1.339999914169311523e+00
5.673126983642578125e+01 5.549419021606445312e+01 5.365908050537109375e+01 5.182823181152343750e+01 5.121201324462890625e+01 1.350000023841857910e+00
5.664717483520507812e+01 5.541004180908203125e+01 5.365372467041015625e+01 5.180166625976562500e+01 5.119686508178710938e+01 1.360000014305114746e+00
5.666675186157226562e+01 5.545141601562500000e+01 5.372792434692382812e+01 5.183831024169921875e+01 5.124678802490234375e+01 1.370000004768371582e+00
5.668890762329101562e+01 5.549605941772460938e+01 5.379733276367187500e+01 5.187480163574218750e+01 5.129527664184570312e+01 1.379999995231628418e+00
5.671039962768554688e+01 5.554329681396484375e+01 5.386262512207031250e+01 5.191126632690429688e+01 5.133570098876953125e+01 1.389999985694885254e+00
5.673283004760742188e+01 5.549903106689453125e+01 5.384086990356445312e+01 5.187804412841796875e+01 5.128291702270507812e+01 1.399999976158142090e+00
5.675511932373046875e+01 5.554900360107421875e+01 5.389455795288085938e+01 5.191482162475585938e+01 5.131702804565429688e+01 1.409999966621398926e+00
5.677643203735351562e+01 5.559729766845703125e+01 5.394639205932617188e+01 5.195292663574218750e+01 5.133420562744140625e+01 1.419999957084655762e+00
5.679691696166992188e+01 5.564768218994140625e+01 5.399289321899414062e+01 5.199151229858398438e+01 5.136962890625000000e+01 1.429999947547912598e+00
5.681329345703125000e+01 5.559337615966796875e+01 5.394536209106445312e+01 5.195966339111328125e+01 5.132801055908203125e+01 1.439999938011169434e+00
5.683546066284179688e+01 5.564583206176757812e+01 5.397784042358398438e+01 5.200158309936523438e+01 5.135482025146484375e+01 1.449999928474426270e+00
5.685657119750976562e+01 5.569900512695312500e+01 5.400889968872070312e+01 5.204511642456054688e+01 5.138859939575195312e+01 1.459999918937683105e+00
5.687599945068359375e+01 5.575304412841796875e+01 5.404018783569335938e+01 5.208927917480468750e+01 5.142478179931640625e+01 1.469999909400939941e+00
5.689771652221679688e+01 5.570142364501953125e+01 5.398074340820312500e+01 5.206354141235351562e+01 5.138232040405273438e+01 1.480000019073486328e+00
5.691783142089843750e+01 5.575780487060546875e+01 5.401236343383789062e+01 5.210867309570312500e+01 5.141060256958007812e+01 1.490000009536743164e+00
5.693737411499023438e+01 5.581589126586914062e+01 5.404499816894531250e+01 5.215476608276367188e+01 5.144699859619140625e+01 1.500000000000000000e+00
5.695559310913085938e+01 5.587514877319335938e+01 5.408029174804687500e+01 5.220171737670898438e+01 5.147750091552734375e+01 1.509999990463256836e+00
5.699188232421875000e+01 5.581322097778320312e+01 5.401500701904296875e+01 5.217580032348632812e+01 5.144540786743164062e+01 1.519999980926513672e+00
5.701380920410156250e+01 5.587492370605468750e+01 5.405516433715820312e+01 5.222273254394531250e+01 5.147558593750000000e+01 1.529999971389770508e+00
5.703164672851562500e+01 5.593609619140625000e+01 5.409604644775390625e+01 5.227046966552734375e+01 5.150350570678710938e+01 1.539999961853027344e+00
5.705213165283203125e+01 5.599831771850585938e+01 5.414264678955078125e+01 5.231728363037109375e+01 5.153041076660156250e+01 1.549999952316284180e+00
5.706104278564453125e+01 5.591424560546875000e+01 5.408132934570312500e+01 5.228184127807617188e+01 5.148963165283203125e+01 1.559999942779541016e+00
5.708124923706054688e+01 5.597725296020507812e+01 5.413147735595703125e+01 5.232516479492187500e+01 5.151985168457031250e+01 1.569999933242797852e+00
5.710308456420898438e+01 5.604212951660156250e+01 5.418526077270507812e+01 5.236544799804687500e+01 5.155154800415039062e+01 1.579999923706054688e+00
5.712361526489257812e+01 5.610665130615234375e+01 5.423636627197265625e+01 5.240472412109375000e+01 5.158438491821289062e+01 1.589999914169311523e+00
5.714769363403320312e+01 5.617473220825195312e+01 5.428517913818359375e+01 5.244244003295898438e+01 5.162025833129882812e+01 1.599999904632568359e+00
5.717502593994140625e+01 5.608814239501953125e+01 5.420330810546875000e+01 5.239402008056640625e+01 5.157576370239257812e+01 1.610000014305114746e+00
5.719851303100585938e+01 5.616072845458984375e+01 5.423757934570312500e+01 5.243183517456054688e+01 5.160705566406250000e+01 1.620000004768371582e+00
5.722663497924804688e+01 5.623282241821289062e+01 5.426572036743164062e+01 5.247184753417968750e+01 5.163605499267578125e+01 1.629999995231628418e+00
5.725092697143554688e+01 5.630600738525390625e+01 5.429216384887695312e+01 5.251264953613281250e+01 5.166445922851562500e+01 1.639999985694885254e+00
5.726892089843750000e+01 5.620383834838867188e+01 5.418268585205078125e+01 5.246275711059570312e+01 5.161026000976562500e+01 1.649999976158142090e+00
5.729539871215820312e+01 5.626875686645507812e+01 5.420590591430664062e+01 5.250563812255859375e+01 5.163515090942382812e+01 1.659999966621398926e+00
5.731919860839843750e+01 5.632878112792968750e+01 5.423152160644531250e+01 5.255091094970703125e+01 5.166391372680664062e+01 1.669999957084655762e+00
5.732709121704101562e+01 5.634205627441406250e+01 5.422735977172851562e+01 5.257685470581054688e+01 5.167899322509765625e+01 1.679999947547912598e+00
5.734887695312500000e+01 5.639780807495117188e+01 5.425298309326171875e+01 5.262338638305664062e+01 5.171086502075195312e+01 1.689999938011169434e+00
5.732580947875976562e+01 5.629696655273437500e+01 5.417224884033203125e+01 5.259903717041015625e+01 5.167955780029296875e+01 1.699999928474426270e+00
5.735205841064453125e+01 5.634791946411132812e+01 5.419464492797851562e+01 5.264676284790039062e+01 5.170979309082031250e+01 1.709999918937683105e+00
5.737923812866210938e+01 5.639784622192382812e+01 5.421535110473632812e+01 5.269417190551757812e+01 5.173910522460937500e+01 1.719999909400939941e+00
5.740716171264648438e+01 5.644884490966796875e+01 5.423764419555664062e+01 5.274176025390625000e+01 5.176796340942382812e+01 1.730000019073486328e+00
5.743493270874023438e+01 5.649911117553710938e+01 5.425953674316406250e+01 5.278996658325195312e+01 5.179502105712890625e+01 1.740000009536743164e+00
5.746202850341796875e+01 5.655109786987304688e+01 5.428209304809570312e+01 5.283838653564453125e+01 5.182177734375000000e+01 1.750000000000000000e+00
5.748622131347656250e+01 5.660351562500000000e+01 5.430754852294921875e+01 5.288715362548828125e+01 5.185209655761718750e+01 1.759999990463256836e+00
5.738731765747070312e+01 5.625392532348632812e+01 5.404589843750000000e+01 5.273603820800781250e+01 5.172267150878906250e+01 1.769999980926513672e+00
5.740253448486328125e+01 5.630932235717773438e+01 5.407245635986328125e+01 5.278321838378906250e+01 5.175530242919921875e+01 1.779999971389770508e+00
5.742374801635742188e+01 5.636315155029296875e+01 5.410153961181640625e+01 5.283070373535156250e+01 5.178577423095703125e+01 1.789999961853027344e+00
5.743584823608398438e+01 5.641860580444335938e+01 5.413076400756835938e+01 5.287733459472656250e+01 5.182431030273437500e+01 1.799999952316284180e+00
5.745668792724609375e+01 5.647156143188476562e+01 5.416006851196289062e+01 5.292356872558593750e+01 5.185908508300781250e+01 1.809999942779541016e+00
5.747795867919921875e+01 5.652244567871093750e+01 5.418941497802734375e+01 5.296862030029296875e+01 5.188903427124023438e+01 1.819999933242797852e+00
5.749381256103515625e+01 5.657034683227539062e+01 5.421628570556640625e+01 5.301531982421875000e+01 5.191962051391601562e+01 1.829999923706054688e+00
5.751124954223632812e+01 5.661672210693359375e+01 5.424048614501953125e+01 5.306131744384765625e+01 5.195732879638671875e+01 1.839999914169311523e+00
5.753110122680664062e+01 5.666161727905273438e+01 5.426408386230468750e+01 5.310919952392578125e+01 5.199876022338867188e+01 1.849999904632568359e+00
5.705200958251953125e+01 5.618060684204101562e+01 5.397145080566406250e+01 5.293643569946289062e+01 5.187128448486328125e+01 1.860000014305114746e+00
5.706416702270507812e+01 5.622480773925781250e+01 5.398989486694335938e+01 5.298492050170898438e+01 5.191100692749023438e+01 1.870000004768371582e+00
5.707845687866210938e+01 5.626944732666015625e+01 5.400795745849609375e+01 5.303306579589843750e+01 5.194766616821289062e+01 1.879999995231628418e+00
5.709539794921875000e+01 5.631483840942382812e+01 5.402585983276367188e+01 5.308077239990234375e+01 5.198429107666015625e+01 1.889999985694885254e+00
5.710900497436523438e+01 5.636071777343750000e+01 5.404401016235351562e+01 5.312726974487304688e+01 5.202369689941406250e+01 1.899999976158142090e+00
5.712542343139648438e+01 5.640747070312500000e+01 5.406212615966796875e+01 5.317477035522460938e+01 5.206361770629882812e+01 1.909999966621398926e+00
5.713921737670898438e+01 5.645443725585937500e+01 5.408129501342773438e+01 5.321826553344726562e+01 5.209903335571289062e+01 1.919999957084655762e+00
5.715320205688476562e+01 5.650008010864257812e+01 5.410163879394531250e+01 5.325997161865234375e+01 5.212888336181640625e+01 1.929999947547912598e+00
5.716227722167968750e+01 5.621278381347656250e+01 5.381761932373046875e+01 5.306017303466796875e+01 5.195708465576171875e+01 1.939999938011169434e+00
5.717365264892578125e+01 5.626169586181640625e+01 5.383858108520507812e+01 5.309778594970703125e+01 5.198835754394531250e+01 1.949999928474426270e+00
5.718730926513671875e+01 5.631077957153320312e+01 5.386163330078125000e+01 5.313382339477539062e+01 5.201909255981445312e+01 1.959999918937683105e+00
5.720032119750976562e+01 5.635798645019531250e+01 5.388645553588867188e+01 5.316351699829101562e+01 5.204824066162109375e+01 1.969999909400939941e+00
5.721558761596679688e+01 5.640395355224609375e+01 5.391268539428710938e+01 5.318721008300781250e+01 5.207601165771484375e+01 1.979999899864196777e+00
5.722929000854492188e+01 5.645056533813476562e+01 5.394093322753906250e+01 5.320809936523437500e+01 5.210722732543945312e+01 1.990000009536743164e+00
5.724355697631835938e+01 5.649800872802734375e+01 5.396950531005859375e+01 5.322747802734375000e+01 5.214059448242187500e+01 2.000000000000000000e+00
5.725804138183593750e+01 5.654650878906250000e+01 5.399824523925781250e+01 5.324788665771484375e+01 5.216904830932617188e+01 2.009999990463256836e+00
5.727114868164062500e+01 5.659666061401367188e+01 5.402723693847656250e+01 5.326991653442382812e+01 5.219802474975585938e+01 2.019999980926513672e+00
5.763206863403320312e+01 5.637501907348632812e+01 5.373754501342773438e+01 5.305178451538085938e+01 5.205482864379882812e+01 2.029999971389770508e+00
5.764657974243164062e+01 5.643964767456054688e+01 5.376431274414062500e+01 5.307153320312500000e+01 5.208914184570312500e+01 2.039999961853027344e+00
5.765988159179687500e+01 5.650753784179687500e+01 5.379113006591796875e+01 5.309454345703125000e+01 5.212645721435546875e+01 2.049999952316284180e+00
5.767466354370117188e+01 5.657511901855468750e+01 5.381859588623046875e+01 5.311732864379882812e+01 5.216529846191406250e+01 2.059999942779541016e+00
5.768545532226562500e+01 5.664154815673828125e+01 5.384598541259765625e+01 5.314157104492187500e+01 5.220339965820312500e+01 2.069999933242797852e+00
5.769782638549804688e+01 5.671036148071289062e+01 5.387413406372070312e+01 5.316853713989257812e+01 5.224053573608398438e+01 2.079999923706054688e+00
5.771100234985351562e+01 5.677813339233398438e+01 5.390208435058593750e+01 5.319592666625976562e+01 5.227684783935546875e+01 2.089999914169311523e+00
5.772506713867187500e+01 5.684709930419921875e+01 5.393006515502929688e+01 5.322594070434570312e+01 5.231295013427734375e+01 2.099999904632568359e+00
5.771727371215820312e+01 5.642166900634765625e+01 5.358371734619140625e+01 5.298824310302734375e+01 5.215674972534179688e+01 2.109999895095825195e+00
5.772997665405273438e+01 5.649297332763671875e+01 5.361033248901367188e+01 5.301596832275390625e+01 5.219138336181640625e+01 2.119999885559082031e+00
5.773744583129882812e+01 5.656259536743164062e+01 5.363253021240234375e+01 5.303892898559570312e+01 5.221879577636718750e+01 2.129999876022338867e+00
5.774959945678710938e+01 5.663917160034179688e+01 5.365989685058593750e+01 5.306850433349609375e+01 5.225506973266601562e+01 2.139999866485595703e+00
5.776129531860351562e+01 5.671730041503906250e+01 5.368832778930664062e+01 5.309638977050781250e+01 5.229159164428710938e+01 2.149999856948852539e+00
5.777413940429687500e+01 5.679610061645507812e+01 5.371605682373046875e+01 5.312469482421875000e+01 5.232917022705078125e+01 2.159999847412109375e+00
5.778629684448242188e+01 5.687957763671875000e+01 5.374441528320312500e+01 5.314869689941406250e+01 5.236689758300781250e+01 2.169999837875366211e+00
5.776328277587890625e+01 5.638959121704101562e+01 5.337924194335937500e+01 5.289098358154296875e+01 5.220327758789062500e+01 2.180000066757202148e+00
5.777862930297851562e+01 5.647265625000000000e+01 5.340493774414062500e+01 5.290755081176757812e+01 5.223291397094726562e+01 2.190000057220458984e+00
5.779184341430664062e+01 5.655323028564453125e+01 5.343037414550781250e+01 5.292162322998046875e+01 5.226404953002929688e+01 2.200000047683715820e+00
5.780799102783203125e+01 5.663537597656250000e+01 5.345671463012695312e+01 5.293490600585937500e+01 5.229475021362304688e+01 2.210000038146972656e+00
5.782390213012695312e+01 5.671694946289062500e+01 5.348241043090820312e+01 5.294831085205078125e+01 5.232571029663085938e+01 2.220000028610229492e+00
5.783879089355468750e+01 5.679861831665039062e+01 5.350957107543945312e+01 5.296093368530273438e+01 5.235701370239257812e+01 2.230000019073486328e+00
5.785512542724609375e+01 5.688492965698242188e+01 5.353727722167968750e+01 5.297384643554687500e+01 5.238753509521484375e+01 2.240000009536743164e+00
5.780913162231445312e+01 5.620349121093750000e+01 5.313479232788085938e+01 5.268484115600585938e+01 5.218569183349609375e+01 2.250000000000000000e+00
5.782374572753906250e+01 5.628575134277343750e+01 5.316020202636718750e+01 5.269520950317382812e+01 5.221618270874023438e+01 2.259999990463256836e+00
5.783887100219726562e+01 5.636468887329101562e+01 5.318638610839843750e+01 5.270560836791992188e+01 5.224324798583984375e+01 2.269999980926513672e+00
5.785469055175781250e+01 5.644169998168945312e+01 5.321406173706054688e+01 5.271537017822265625e+01 5.226890182495117188e+01 2.279999971389770508e+00
5.787167358398437500e+01 5.651211929321289062e+01 5.324205780029296875e+01 5.272299575805664062e+01 5.229465103149414062e+01 2.289999961853027344e+00
5.788839721679687500e+01 5.657989883422851562e+01 5.327086257934570312e+01 5.272968292236328125e+01 5.232215118408203125e+01 2.299999952316284180e+00
5.779653930664062500e+01 5.571184921264648438e+01 5.286655426025390625e+01 5.243164825439453125e+01 5.209865188598632812e+01 2.309999942779541016e+00
5.781369781494140625e+01 5.576464462280273438e+01 5.289286804199218750e+01 5.243816757202148438e+01 5.212434387207031250e+01 2.319999933242797852e+00
5.783103179931640625e+01 5.581697082519531250e+01 5.291861724853515625e+01 5.244519042968750000e+01 5.214705657958984375e+01 2.329999923706054688e+00
5.784782791137695312e+01 5.586647415161132812e+01 5.294431304931640625e+01 5.245317077636718750e+01 5.217318344116210938e+01 2.339999914169311523e+00
5.786599731445312500e+01 5.591777801513671875e+01 5.297071838378906250e+01 5.246134567260742188e+01 5.220153808593750000e+01 2.349999904632568359e+00
5.788449096679687500e+01 5.596788406372070312e+01 5.299691390991210938e+01 5.247017288208007812e+01 5.222929763793945312e+01 2.359999895095825195e+00
5.790248107910156250e+01 5.601946640014648438e+01 5.302326583862304688e+01 5.247990798950195312e+01 5.225196075439453125e+01 2.369999885559082031e+00
5.776921844482421875e+01 5.517793273925781250e+01 5.265891647338867188e+01 5.220631027221679688e+01 5.201361465454101562e+01 2.379999876022338867e+00
5.778154754638671875e+01 5.521994400024414062e+01 5.267706680297851562e+01 5.221137619018554688e+01 5.201288986206054688e+01 2.389999866485595703e+00
5.779729843139648438e+01 5.526840972900390625e+01 5.269961547851562500e+01 5.222168350219726562e+01 5.201744842529296875e+01 2.399999856948852539e+00
5.781471252441406250e+01 5.531916427612304688e+01 5.272253417968750000e+01 5.223223495483398438e+01 5.203472518920898438e+01 2.409999847412109375e+00
5.783193969726562500e+01 5.537231063842773438e+01 5.274559402465820312e+01 5.224222946166992188e+01 5.205400466918945312e+01 2.419999837875366211e+00
5.785029220581054688e+01 5.542728424072265625e+01 5.276865386962890625e+01 5.225254058837890625e+01 5.207337570190429688e+01 2.429999828338623047e+00
5.773471832275390625e+01 5.459609985351562500e+01 5.240723419189453125e+01 5.197734451293945312e+01 5.183309173583984375e+01 2.440000057220458984e+00
5.775168228149414062e+01 5.464314651489257812e+01 5.242824172973632812e+01 5.198591232299804688e+01 5.184538269042968750e+01 2.450000047683715820e+00
5.776968383789062500e+01 5.469237518310546875e+01 5.244982910156250000e+01 5.199278640747070312e+01 5.185495376586914062e+01 2.460000038146972656e+00
5.778877258300781250e+01 5.473907470703125000e+01 5.247100830078125000e+01 5.199921798706054688e+01 5.187023544311523438e+01 2.470000028610229492e+00
5.780794525146484375e+01 5.478733825683593750e+01 5.249335098266601562e+01 5.200527191162109375e+01 5.188569259643554688e+01 2.480000019073486328e+00
5.765543746948242188e+01 5.400251770019531250e+01 5.213409042358398438e+01 5.171956253051757812e+01 5.162728500366210938e+01 2.490000009536743164e+00
5.767483520507812500e+01 5.404054641723632812e+01 5.215431594848632812e+01 5.172428131103515625e+01 5.163922500610351562e+01 2.500000000000000000e+00
5.769363784790039062e+01 5.407793426513671875e+01 5.217428970336914062e+01 5.172930908203125000e+01 5.165414428710937500e+01 2.509999990463256836e+00
5.771276855468750000e+01 5.411487197875976562e+01 5.219371032714843750e+01 5.173423767089843750e+01 5.166833877563476562e+01 2.519999980926513672e+00
5.751978683471679688e+01 5.346928024291992188e+01 5.186961364746093750e+01 5.147223663330078125e+01 5.143043518066406250e+01 2.529999971389770508e+00
5.753884124755859375e+01 5.350263977050781250e+01 5.188729095458984375e+01 5.147780227661132812e+01 5.144644546508789062e+01 2.539999961853027344e+00
5.755792617797851562e+01 5.353461074829101562e+01 5.190489959716796875e+01 5.148341369628906250e+01 5.146186065673828125e+01 2.549999952316284180e+00
5.757693099975585938e+01 5.356652832031250000e+01 5.192164230346679688e+01 5.148915481567382812e+01 5.147447204589843750e+01 2.559999942779541016e+00
5.759554672241210938e+01 5.359958267211914062e+01 5.193929290771484375e+01 5.149475097656250000e+01 5.148811340332031250e+01 2.569999933242797852e+00
5.740797424316406250e+01 5.308689117431640625e+01 5.164944076538085938e+01 5.125621414184570312e+01 5.126718139648437500e+01 2.579999923706054688e+00
5.742673873901367188e+01 5.311648941040039062e+01 5.166535568237304688e+01 5.126207351684570312e+01 5.128293609619140625e+01 2.589999914169311523e+00
5.744644927978515625e+01 5.314623641967773438e+01 5.168119812011718750e+01 5.126838684082031250e+01 5.129520034790039062e+01 2.599999904632568359e+00
5.746643447875976562e+01 5.317704010009765625e+01 5.169719314575195312e+01 5.127519607543945312e+01 5.130655670166015625e+01 2.609999895095825195e+00
5.725756072998046875e+01 5.269281005859375000e+01 5.139945983886718750e+01 5.102368927001953125e+01 5.106488037109375000e+01 2.619999885559082031e+00
5.727719497680664062e+01 5.272333526611328125e+01 5.141417312622070312e+01 5.103165435791015625e+01 5.107139587402343750e+01 2.629999876022338867e+00
5.729672241210937500e+01 5.275235366821289062e+01 5.142854309082031250e+01 5.103961181640625000e+01 5.107754898071289062e+01 2.639999866485595703e+00
5.731610488891601562e+01 5.278417587280273438e+01 5.144257736206054688e+01 5.104823684692382812e+01 5.108441162109375000e+01 2.649999856948852539e+00
5.700973510742187500e+01 5.229076766967773438e+01 5.112318801879882812e+01 5.077531814575195312e+01 5.082154083251953125e+01 2.659999847412109375e+00
5.703375625610351562e+01 5.231986236572265625e+01 5.113574981689453125e+01 5.078360748291015625e+01 5.083047103881835938e+01 2.669999837875366211e+00
5.705846405029296875e+01 5.234969711303710938e+01 5.114811706542968750e+01 5.079186248779296875e+01 5.083909225463867188e+01 2.679999828338623047e+00
5.664754104614257812e+01 5.192471313476562500e+01 5.084935379028320312e+01 5.053296661376953125e+01 5.058858489990234375e+01 2.690000057220458984e+00
5.668041229248046875e+01 5.195266342163085938e+01 5.086024475097656250e+01 5.054076004028320312e+01 5.059483337402343750e+01 2.700000047683715820e+00
5.671125793457031250e+01 5.198030090332031250e+01 5.087130737304687500e+01 5.054869461059570312e+01 5.060049819946289062e+01 2.710000038146972656e+00
5.630919265747070312e+01 5.162860488891601562e+01 5.060810089111328125e+01 5.031544494628906250e+01 5.037182617187500000e+01 2.720000028610229492e+00
5.634455108642578125e+01 5.165494155883789062e+01 5.061778259277343750e+01 5.032342529296875000e+01 5.037661361694335938e+01 2.730000019073486328e+00
5.638140869140625000e+01 5.168258285522460938e+01 5.062828063964843750e+01 5.033180999755859375e+01 5.038324356079101562e+01 2.740000009536743164e+00
5.599444198608398438e+01 5.138868713378906250e+01 5.040389633178710938e+01 5.013118743896484375e+01 5.018475723266601562e+01 2.750000000000000000e+00
5.603894042968750000e+01 5.141486740112304688e+01 5.041416549682617188e+01 5.013938522338867188e+01 5.018859100341796875e+01 2.759999990463256836e+00
5.608138275146484375e+01 5.144272994995117188e+01 5.042411422729492188e+01 5.014762878417968750e+01 5.019355773925781250e+01 2.769999980926513672e+00
5.575102996826171875e+01 5.119389343261718750e+01 5.022258758544921875e+01 4.996780776977539062e+01 5.001435089111328125e+01 2.779999971389770508e+00
5.580310058593750000e+01 5.122137069702148438e+01 5.023290252685546875e+01 4.997613525390625000e+01 5.002139282226562500e+01 2.789999961853027344e+00
5.549184417724609375e+01 5.098355865478515625e+01 5.004013061523437500e+01 4.980183792114257812e+01 4.984716796875000000e+01 2.799999952316284180e+00
5.555123901367187500e+01 5.101057052612304688e+01 5.004957199096679688e+01 4.980996322631835938e+01 4.985203933715820312e+01 2.809999942779541016e+00
5.515988159179687500e+01 5.074335861206054688e+01 4.983885955810546875e+01 4.962072753906250000e+01 4.966170883178710938e+01 2.819999933242797852e+00
5.522878265380859375e+01 5.076905441284179688e+01 4.984827041625976562e+01 4.962868118286132812e+01 4.966551971435546875e+01 2.829999923706054688e+00
5.484534835815429688e+01 5.050887298583984375e+01 4.964632034301757812e+01 4.944755172729492188e+01 4.948134231567382812e+01 2.839999914169311523e+00
5.492292022705078125e+01 5.053285598754882812e+01 4.965476226806640625e+01 4.945520782470703125e+01 4.948567199707031250e+01 2.849999904632568359e+00
5.459591293334960938e+01 5.029703903198242188e+01 4.947030258178710938e+01 4.928969192504882812e+01 4.931748199462890625e+01 2.859999895095825195e+00
5.429988479614257812e+01 5.008385467529296875e+01 4.930167770385742188e+01 4.913858032226562500e+01 4.916353607177734375e+01 2.869999885559082031e+00
5.439630508422851562e+01 5.010443115234375000e+01 4.930928802490234375e+01 4.914597702026367188e+01 4.916899490356445312e+01 2.879999876022338867e+00
5.407879638671875000e+01 4.987810516357421875e+01 4.913281250000000000e+01 4.898744964599609375e+01 4.900693893432617188e+01 2.889999866485595703e+00
5.375751113891601562e+01 4.964815139770507812e+01 4.895802307128906250e+01 4.883073043823242188e+01 4.884521865844726562e+01 2.899999856948852539e+00
5.347650527954101562e+01 4.943755340576171875e+01 4.879867172241210938e+01 4.868754577636718750e+01 4.869801330566406250e+01 2.909999847412109375e+00
5.321153259277343750e+01 4.922826004028320312e+01 4.863824462890625000e+01 4.854206466674804688e+01 4.854919052124023438e+01 2.919999837875366211e+00
5.280428695678710938e+01 4.893934631347656250e+01 4.842474365234375000e+01 4.834752655029296875e+01 4.835004043579101562e+01 2.929999828338623047e+00
5.243952941894531250e+01 4.867560195922851562e+01 4.822932052612304688e+01 4.816760253906250000e+01 4.816518783569335938e+01 2.939999818801879883e+00
5.192087173461914062e+01 4.833066177368164062e+01 4.797568130493164062e+01 4.792971420288085938e+01 4.792218780517578125e+01 2.950000047683715820e+00
5.132056808471679688e+01 4.792931747436523438e+01 4.768294525146484375e+01 4.765316009521484375e+01 4.764381408691406250e+01 2.960000038146972656e+00
5.055847930908203125e+01 4.741352081298828125e+01 4.728820800781250000e+01 4.727309036254882812e+01 4.726227951049804688e+01 2.970000028610229492e+00
4.955289840698242188e+01 4.674084854125976562e+01 4.674071884155273438e+01 4.673971939086914062e+01 4.673138809204101562e+01 2.980000019073486328e+00
4.786028289794921875e+01 4.560949707031250000e+01 4.565053939819335938e+01 4.565149307250976562e+01 4.565448760986328125e+01 2.990000009536743164e+00
4.518992614746093750e+01 4.443284606933593750e+01 4.470359420776367188e+01 4.487402343750000000e+01 4.500979995727539062e+01 3.000000000000000000e+00
4.521119308471679688e+01 4.443756866455078125e+01 4.470750808715820312e+01 4.487705993652343750e+01 4.501266098022460938e+01 3.009999990463256836e+00
4.523104476928710938e+01 4.444247817993164062e+01 4.471162033081054688e+01 4.488011932373046875e+01 4.501544952392578125e+01 3.019999980926513672e+00
4.525097656250000000e+01 4.444776535034179688e+01 4.471530532836914062e+01 4.488304138183593750e+01 4.501850509643554688e+01 3.029999971389770508e+00
4.527019882202148438e+01 4.445264053344726562e+01 4.471922302246093750e+01 4.488540649414062500e+01 4.502120208740234375e+01 3.039999961853027344e+00
4.528870773315429688e+01 4.445795440673828125e+01 4.472283554077148438e+01 4.488778686523437500e+01 4.502423858642578125e+01 3.049999952316284180e+00
4.530616378784179688e+01 4.446321868896484375e+01 4.472651290893554688e+01 4.488983917236328125e+01 4.502717971801757812e+01 3.059999942779541016e+00
4.532317352294921875e+01 4.446811294555664062e+01 4.473030853271484375e+01 4.489197158813476562e+01 4.503042602539062500e+01 3.069999933242797852e+00
4.533950805664062500e+01 4.447303009033203125e+01 4.473374557495117188e+01 4.489414596557617188e+01 4.503342056274414062e+01 3.079999923706054688e+00
4.535507583618164062e+01 4.447865295410156250e+01 4.473680114746093750e+01 4.489675140380859375e+01 4.503683471679687500e+01 3.089999914169311523e+00
4.536939239501953125e+01 4.448374557495117188e+01 4.473993682861328125e+01 4.489945602416992188e+01 4.503966903686523438e+01 3.099999904632568359e+00
