#     Mag U    Mag U    Mag U    Mag U    Mag U    Redshift
9.405565261840820312e+00 7.504570960998535156e+00 6.686796188354492188e+00 6.257668972015380859e+00 6.043156623840332031e+00 0.000000000000000000e+00
4.409111404418945312e+01 4.219554519653320312e+01 4.135594177246093750e+01 4.092707061767578125e+01 4.071405029296875000e+01 9.999999776482582092e-03
4.499160385131835938e+01 4.310249328613281250e+01 4.223982620239257812e+01 4.181240844726562500e+01 4.159840774536132812e+01 1.999999955296516418e-02
4.567111206054687500e+01 4.377824401855468750e+01 4.289136886596679688e+01 4.246321105957031250e+01 4.224266052246093750e+01 2.999999932944774628e-02
4.618695068359375000e+01 4.428967285156250000e+01 4.338030242919921875e+01 4.295202255249023438e+01 4.272676467895507812e+01 3.999999910593032837e-02
4.664424896240234375e+01 4.473738098144531250e+01 4.380388641357421875e+01 4.337294006347656250e+01 4.314270401000976562e+01 4.999999701976776123e-02
4.701138687133789062e+01 4.509496307373046875e+01 4.414453887939453125e+01 4.370922470092773438e+01 4.347167587280273438e+01 5.999999865889549255e-02
4.736243820190429688e+01 4.543024826049804688e+01 4.446570968627929688e+01 4.402249526977539062e+01 4.377703857421875000e+01 7.000000029802322388e-02
4.764992523193359375e+01 4.571040344238281250e+01 4.472874069213867188e+01 4.427809143066406250e+01 4.402917861938476562e+01 7.999999821186065674e-02
4.794307327270507812e+01 4.599074554443359375e+01 4.498752593994140625e+01 4.452895736694335938e+01 4.427828216552734375e+01 8.999999612569808960e-02
4.818225860595703125e+01 4.622280120849609375e+01 4.519853591918945312e+01 4.473754501342773438e+01 4.448182296752929688e+01 9.999999403953552246e-02
4.844143295288085938e+01 4.646458435058593750e+01 4.541485595703125000e+01 4.495284271240234375e+01 4.469278335571289062e+01 1.099999994039535522e-01
4.865538024902343750e+01 4.666598892211914062e+01 4.559158706665039062e+01 4.513141632080078125e+01 4.486414718627929688e+01 1.199999973177909851e-01
4.889400863647460938e+01 4.688401031494140625e+01 4.578214645385742188e+01 4.531858825683593750e+01 4.504758834838867188e+01 1.299999952316284180e-01
4.912439346313476562e+01 4.709101486206054688e+01 4.596165847778320312e+01 4.549256896972656250e+01 4.521839141845703125e+01 1.400000005960464478e-01
4.921553802490234375e+01 4.715575408935546875e+01 4.599719238281250000e+01 4.551881027221679688e+01 4.524421691894531250e+01 1.499999910593032837e-01
4.953133010864257812e+01 4.745450973510742188e+01 4.626646423339843750e+01 4.577985382080078125e+01 4.550970458984375000e+01 1.599999964237213135e-01
4.970721817016601562e+01 4.760831832885742188e+01 4.639195632934570312e+01 4.589681243896484375e+01 4.563308715820312500e+01 1.700000017881393433e-01
4.991248321533203125e+01 4.778457641601562500e+01 4.653821182250976562e+01 4.603150177001953125e+01 4.577214813232421875e+01 1.799999922513961792e-01
5.007062530517578125e+01 4.792683029174804688e+01 4.665302276611328125e+01 4.613737869262695312e+01 4.588166046142578125e+01 1.899999976158142090e-01
5.026288223266601562e+01 4.809491729736328125e+01 4.678869247436523438e+01 4.626296997070312500e+01 4.600695037841796875e+01 1.999999880790710449e-01
5.040714263916015625e+01 4.822665405273437500e+01 4.689140701293945312e+01 4.635847091674804688e+01 4.610383224487304688e+01 2.099999934434890747e-01
5.059064102172851562e+01 4.838705444335937500e+01 4.701609802246093750e+01 4.647337341308593750e+01 4.622047042846679688e+01 2.199999988079071045e-01
5.077308654785156250e+01 4.854430389404296875e+01 4.713591766357421875e+01 4.658484268188476562e+01 4.632992553710937500e+01 2.299999892711639404e-01
5.091370773315429688e+01 4.866122817993164062e+01 4.722532272338867188e+01 4.666703796386718750e+01 4.641233825683593750e+01 2.399999946355819702e-01
5.109130096435546875e+01 4.880642318725585938e+01 4.733997344970703125e+01 4.677137756347656250e+01 4.651728057861328125e+01 2.500000000000000000e-01
5.122682189941406250e+01 4.891223144531250000e+01 4.742362594604492188e+01 4.684705352783203125e+01 4.659678268432617188e+01 2.599999904632568359e-01
5.132617568969726562e+01 4.897562408447265625e+01 4.746063995361328125e+01 4.687223815917968750e+01 4.662559890747070312e+01 2.699999809265136719e-01
5.156836700439453125e+01 4.918111038208007812e+01 4.764214706420898438e+01 4.704167938232421875e+01 4.679875946044921875e+01 2.800000011920928955e-01
5.169343566894531250e+01 4.927291107177734375e+01 4.772024917602539062e+01 4.710929107666015625e+01 4.686924743652343750e+01 2.899999916553497314e-01
5.179691314697265625e+01 4.933319854736328125e+01 4.776008224487304688e+01 4.713566970825195312e+01 4.689461517333984375e+01 2.999999821186065674e-01
5.202359008789062500e+01 4.952329635620117188e+01 4.792712402343750000e+01 4.729131698608398438e+01 4.704408645629882812e+01 3.100000023841857910e-01
5.214138793945312500e+01 4.960747146606445312e+01 4.799483108520507812e+01 4.735227966308593750e+01 4.709827041625976562e+01 3.199999928474426270e-01
5.229343032836914062e+01 4.972878646850585938e+01 4.808934402465820312e+01 4.743785476684570312e+01 4.717374420166015625e+01 3.299999833106994629e-01
5.243762969970703125e+01 4.984896850585937500e+01 4.818256378173828125e+01 4.752182006835937500e+01 4.724965667724609375e+01 3.400000035762786865e-01
5.252463531494140625e+01 4.992776107788085938e+01 4.824357223510742188e+01 4.757651138305664062e+01 4.730073165893554688e+01 3.499999940395355225e-01
5.264749145507812500e+01 5.004616165161132812e+01 4.833547210693359375e+01 4.765821838378906250e+01 4.737941360473632812e+01 3.599999845027923584e-01
5.276293182373046875e+01 5.016491699218750000e+01 4.842589950561523438e+01 4.773907852172851562e+01 4.745322418212890625e+01 3.700000047683715820e-01
5.282830047607421875e+01 5.023793411254882812e+01 4.848389816284179688e+01 4.779093170166015625e+01 4.749604034423828125e+01 3.799999952316284180e-01
5.293816757202148438e+01 5.034061813354492188e+01 4.857565689086914062e+01 4.786938095092773438e+01 4.756492233276367188e+01 3.899999856948852539e-01
5.304653167724609375e+01 5.043628311157226562e+01 4.866909408569335938e+01 4.794585418701171875e+01 4.763288497924804688e+01 3.999999761581420898e-01
5.312205123901367188e+01 5.048547744750976562e+01 4.872900009155273438e+01 4.799104690551757812e+01 4.767354965209960938e+01 4.099999964237213135e-01
5.323485565185546875e+01 5.057425308227539062e+01 4.882282257080078125e+01 4.806255340576171875e+01 4.774064636230468750e+01 4.199999868869781494e-01
5.335499954223632812e+01 5.066001510620117188e+01 4.891800308227539062e+01 4.813363265991210938e+01 4.780669403076171875e+01 4.299999773502349854e-01
5.343447113037109375e+01 5.070131683349609375e+01 4.897981262207031250e+01 4.817473983764648438e+01 4.784444046020507812e+01 4.399999976158142090e-01
5.354999923706054688e+01 5.078637695312500000e+01 4.907438659667968750e+01 4.824397277832031250e+01 4.790601730346679688e+01 4.499999880790710449e-01
5.365993118286132812e+01 5.087108612060546875e+01 4.916819763183593750e+01 4.831202697753906250e+01 4.797068405151367188e+01 4.599999785423278809e-01
5.373038482666015625e+01 5.091537094116210938e+01 4.922556304931640625e+01 4.834874725341796875e+01 4.800489425659179688e+01 4.699999988079071045e-01
5.382285690307617188e+01 5.100058364868164062e+01 4.931807327270507812e+01 4.841430282592773438e+01 4.806702804565429688e+01 4.799999892711639404e-01
5.390203857421875000e+01 5.108993530273437500e+01 4.940983581542968750e+01 4.847827529907226562e+01 4.812865829467773438e+01 4.899999797344207764e-01
5.397835159301757812e+01 5.118122100830078125e+01 4.950147628784179688e+01 4.854143142700195312e+01 4.818671798706054688e+01 5.000000000000000000e-01
5.401853561401367188e+01 5.123017883300781250e+01 4.955482101440429688e+01 4.857303619384765625e+01 4.821539306640625000e+01 5.099999904632568359e-01
5.408640670776367188e+01 5.131966018676757812e+01 4.964414978027343750e+01 4.863407897949218750e+01 4.827321243286132812e+01 5.199999809265136719e-01
5.415108871459960938e+01 5.140686416625976562e+01 4.973483276367187500e+01 4.869477462768554688e+01 4.832864379882812500e+01 5.299999713897705078e-01
5.418171691894531250e+01 5.145609283447265625e+01 4.979011154174804688e+01 4.872063446044921875e+01 4.835329055786132812e+01 5.399999618530273438e-01
5.424987411499023438e+01 5.153091430664062500e+01 4.987485122680664062e+01 4.878298950195312500e+01 4.841934967041015625e+01 5.500000119209289551e-01
5.431563949584960938e+01 5.161453247070312500e+01 4.995978546142578125e+01 4.884217071533203125e+01 4.847741317749023438e+01 5.600000023841857910e-01
5.438186645507812500e+01 5.170022201538085938e+01 5.004334640502929688e+01 4.890238571166992188e+01 4.853532409667968750e+01 5.699999928474426270e-01
5.441306304931640625e+01 5.173842239379882812e+01 5.008332824707031250e+01 4.892582321166992188e+01 4.855747222900390625e+01 5.799999833106994629e-01
5.447774124145507812e+01 5.182300186157226562e+01 5.016318130493164062e+01 4.898447418212890625e+01 4.861186981201171875e+01 5.899999737739562988e-01
5.451124954223632812e+01 5.187667846679687500e+01 5.021057510375976562e+01 4.901170349121093750e+01 4.863805770874023438e+01 5.999999642372131348e-01
5.460247802734375000e+01 5.199228286743164062e+01 5.031585311889648438e+01 4.909828948974609375e+01 4.872095870971679688e+01 6.100000143051147461e-01
5.460962295532226562e+01 5.202851104736328125e+01 5.034431838989257812e+01 4.911001586914062500e+01 4.872689437866210938e+01 6.200000047683715820e-01
5.467242050170898438e+01 5.211508941650390625e+01 5.042010116577148438e+01 4.916575241088867188e+01 4.877966308593750000e+01 6.299999952316284180e-01
5.473664855957031250e+01 5.220246124267578125e+01 5.049566650390625000e+01 4.922274780273437500e+01 4.883221817016601562e+01 6.399999856948852539e-01
5.480149459838867188e+01 5.229171752929687500e+01 5.057123565673828125e+01 4.928046035766601562e+01 4.888525390625000000e+01 6.499999761581420898e-01
5.480870437622070312e+01 5.233054351806640625e+01 5.059989547729492188e+01 4.929762649536132812e+01 4.889722442626953125e+01 6.599999666213989258e-01
5.487916564941406250e+01 5.242451477050781250e+01 5.067389678955078125e+01 4.935429763793945312e+01 4.894401168823242188e+01 6.699999570846557617e-01
5.494775772094726562e+01 5.251877975463867188e+01 5.074740219116210938e+01 4.941107559204101562e+01 4.899128723144531250e+01 6.800000071525573730e-01
5.501968765258789062e+01 5.261230468750000000e+01 5.082153701782226562e+01 4.946865463256835938e+01 4.903828048706054688e+01 6.899999976158142090e-01
5.502191162109375000e+01 5.264361953735351562e+01 5.084813690185546875e+01 4.948600006103515625e+01 4.904726409912109375e+01 6.999999880790710449e-01
5.509405899047851562e+01 5.272882461547851562e+01 5.092467117309570312e+01 4.954353332519531250e+01 4.909522628784179688e+01 7.099999785423278809e-01
5.516672897338867188e+01 5.281419754028320312e+01 5.099872589111328125e+01 4.960048675537109375e+01 4.914299011230468750e+01 7.199999690055847168e-01
5.523589324951171875e+01 5.290046310424804688e+01 5.106625747680664062e+01 4.965770721435546875e+01 4.918846130371093750e+01 7.299999594688415527e-01
5.530719375610351562e+01 5.298716354370117188e+01 5.112628936767578125e+01 4.971718215942382812e+01 4.923278045654296875e+01 7.400000095367431641e-01
5.531446456909179688e+01 5.301644134521484375e+01 5.113118362426757812e+01 4.973597335815429688e+01 4.923890304565429688e+01 7.500000000000000000e-01
5.538389205932617188e+01 5.310589599609375000e+01 5.118429946899414062e+01 4.979859542846679688e+01 4.928317642211914062e+01 7.599999904632568359e-01
5.545071792602539062e+01 5.319755935668945312e+01 5.123679351806640625e+01 4.986161422729492188e+01 4.932870864868164062e+01 7.699999809265136719e-01
5.551825332641601562e+01 5.328948974609375000e+01 5.128628540039062500e+01 4.992445373535156250e+01 4.937306213378906250e+01 7.799999713897705078e-01
5.558442687988281250e+01 5.338089752197265625e+01 5.133367538452148438e+01 4.998829650878906250e+01 4.941732788085937500e+01 7.899999618530273438e-01
5.559598541259765625e+01 5.340493774414062500e+01 5.132799530029296875e+01 5.000659561157226562e+01 4.942237091064453125e+01 7.999999523162841797e-01
5.566229248046875000e+01 5.349591445922851562e+01 5.137797546386718750e+01 5.007184600830078125e+01 4.946397781372070312e+01 8.100000023841857910e-01
5.572585296630859375e+01 5.358612060546875000e+01 5.142882919311523438e+01 5.013794708251953125e+01 4.950869750976562500e+01 8.199999928474426270e-01
5.578735733032226562e+01 5.367526626586914062e+01 5.148086547851562500e+01 5.020424270629882812e+01 4.955271148681640625e+01 8.299999833106994629e-01
5.584494781494140625e+01 5.376558303833007812e+01 5.153058624267578125e+01 5.026989364624023438e+01 4.958868789672851562e+01 8.399999737739562988e-01
5.584909057617187500e+01 5.378280258178710938e+01 5.152607345581054688e+01 5.028521728515625000e+01 4.958935165405273438e+01 8.499999642372131348e-01
5.590195846557617188e+01 5.387576675415039062e+01 5.158060455322265625e+01 5.035123443603515625e+01 4.963613510131835938e+01 8.599999547004699707e-01
5.594868850708007812e+01 5.397028350830078125e+01 5.163663101196289062e+01 5.041576385498046875e+01 4.968278121948242188e+01 8.700000047683715820e-01
5.599536895751953125e+01 5.406898498535156250e+01 5.169388580322265625e+01 5.047869873046875000e+01 4.972856521606445312e+01 8.799999952316284180e-01
5.604174041748046875e+01 5.417175292968750000e+01 5.175104141235351562e+01 5.053986358642578125e+01 4.977269744873046875e+01 8.899999856948852539e-01
5.608649444580078125e+01 5.427098083496093750e+01 5.180501937866210938e+01 5.060007095336914062e+01 4.981528854370117188e+01 8.999999761581420898e-01
5.605864334106445312e+01 5.427557754516601562e+01 5.179045104980468750e+01 5.059077072143554688e+01 4.979571533203125000e+01 9.099999666213989258e-01
5.609973907470703125e+01 5.435688781738281250e+01 5.184105682373046875e+01 5.064879989624023438e+01 4.984257125854492188e+01 9.199999570846557617e-01
5.613816833496093750e+01 5.443238067626953125e+01 5.189373397827148438e+01 5.070786285400390625e+01 4.988899230957031250e+01 9.300000071525573730e-01
5.617655181884765625e+01 5.450080108642578125e+01 5.194808578491210938e+01 5.076419448852539062e+01 4.993593978881835938e+01 9.399999976158142090e-01
5.621281814575195312e+01 5.456641387939453125e+01 5.200408172607421875e+01 5.081956481933593750e+01 4.998128890991210938e+01 9.499999880790710449e-01
5.624908065795898438e+01 5.462024688720703125e+01 5.206063842773437500e+01 5.087372589111328125e+01 5.002287673950195312e+01 9.599999785423278809e-01
5.623167800903320312e+01 5.457951736450195312e+01 5.204711151123046875e+01 5.086175537109375000e+01 5.000905990600585938e+01 9.699999690055847168e-01
5.626865005493164062e+01 5.463231277465820312e+01 5.210348129272460938e+01 5.091922760009765625e+01 5.005713653564453125e+01 9.799999594688415527e-01
5.630536651611328125e+01 5.468510818481445312e+01 5.216087722778320312e+01 5.097525405883789062e+01 5.010353088378906250e+01 9.899999499320983887e-01
5.634138870239257812e+01 5.473976516723632812e+01 5.221830749511718750e+01 5.103045654296875000e+01 5.014843750000000000e+01 1.000000000000000000e+00
5.637611007690429688e+01 5.479865264892578125e+01 5.227787780761718750e+01 5.108605957031250000e+01 5.019535446166992188e+01 1.009999990463256836e+00
5.641234588623046875e+01 5.486090087890625000e+01 5.233839416503906250e+01 5.114172363281250000e+01 5.025046920776367188e+01 1.019999980926513672e+00
5.638957214355468750e+01 5.483266448974609375e+01 5.232492828369140625e+01 5.113055419921875000e+01 5.023746490478515625e+01 1.029999971389770508e+00
5.642226028442382812e+01 5.490644073486328125e+01 5.238368225097656250e+01 5.118450164794921875e+01 5.029404067993164062e+01 1.039999961853027344e+00
5.645545196533203125e+01 5.498390960693359375e+01 5.244166564941406250e+01 5.124006271362304688e+01 5.034280014038085938e+01 1.049999952316284180e+00
5.649065017700195312e+01 5.507193374633789062e+01 5.250013732910156250e+01 5.129730224609375000e+01 5.039904785156250000e+01 1.059999942779541016e+00
5.650806808471679688e+01 5.514397048950195312e+01 5.254465866088867188e+01 5.133834838867187500e+01 5.043899154663085938e+01 1.069999933242797852e+00
5.654059600830078125e+01 5.522874450683593750e+01 5.260680007934570312e+01 5.139633941650390625e+01 5.049275207519531250e+01 1.079999923706054688e+00
5.658144760131835938e+01 5.532072448730468750e+01 5.268366622924804688e+01 5.146689605712890625e+01 5.056465530395507812e+01 1.090000033378601074e+00
5.653327941894531250e+01 5.526837158203125000e+01 5.266802978515625000e+01 5.144412231445312500e+01 5.054954910278320312e+01 1.100000023841857910e+00
5.656010437011718750e+01 5.532500076293945312e+01 5.273044967651367188e+01 5.148675155639648438e+01 5.060781478881835938e+01 1.110000014305114746e+00
5.658665466308593750e+01 5.537797546386718750e+01 5.279162979125976562e+01 5.152474975585937500e+01 5.065947341918945312e+01 1.120000004768371582e+00
5.660799407958984375e+01 5.542740631103515625e+01 5.285075378417968750e+01 5.156041336059570312e+01 5.071252822875976562e+01 1.129999995231628418e+00
5.663365936279296875e+01 5.547635650634765625e+01 5.290899276733398438e+01 5.159724807739257812e+01 5.076508712768554688e+01 1.139999985694885254e+00
5.665965652465820312e+01 5.552555465698242188e+01 5.296810531616210938e+01 5.163520431518554688e+01 5.081956100463867188e+01 1.149999976158142090e+00
5.668403244018554688e+01 5.557036972045898438e+01 5.302818679809570312e+01 5.167211151123046875e+01 5.086694717407226562e+01 1.159999966621398926e+00
5.658104705810546875e+01 5.546817016601562500e+01 5.299488830566406250e+01 5.161963272094726562e+01 5.082119750976562500e+01 1.169999957084655762e+00
5.660641098022460938e+01 5.550651931762695312e+01 5.305728149414062500e+01 5.165519332885742188e+01 5.087150192260742188e+01 1.179999947547912598e+00
5.663032913208007812e+01 5.554351806640625000e+01 5.312199020385742188e+01 5.168868255615234375e+01 5.091474533081054688e+01 1.189999938011169434e+00
5.663999557495117188e+01 5.556860733032226562e+01 5.317635726928710938e+01 5.171162033081054688e+01 5.095114898681640625e+01 1.199999928474426270e+00
5.666384124755859375e+01 5.560779571533203125e+01 5.324266815185546875e+01 5.174844741821289062e+01 5.098976898193359375e+01 1.209999918937683105e+00
5.670132064819335938e+01 5.566178131103515625e+01 5.332162094116210938e+01 5.179744338989257812e+01 5.104811477661132812e+01 1.220000028610229492e+00
5.672745895385742188e+01 5.570655441284179688e+01 5.338835906982421875e+01 5.183334350585937500e+01 5.109536743164062500e+01 1.230000019073486328e+00
5.675130462646484375e+01 5.575455856323242188e+01 5.345484542846679688e+01 5.186896896362304688e+01 5.114774322509765625e+01 1.240000009536743164e+00
5.670639038085937500e+01 5.566931152343750000e+01 5.342070388793945312e+01 5.181729888916015625e+01 5.110588455200195312e+01 1.250000000000000000e+00
5.672917175292968750e+01 5.571568679809570312e+01 5.348732376098632812e+01 5.185583114624023438e+01 5.115341567993164062e+01 1.259999990463256836e+00
5.675038909912109375e+01 5.575943756103515625e+01 5.355266952514648438e+01 5.189608001708984375e+01 5.119917297363281250e+01 1.269999980926513672e+00
5.677465820312500000e+01 5.579691696166992188e+01 5.362017822265625000e+01 5.193782424926757812e+01 5.124480819702148438e+01 1.279999971389770508e+00
5.679917144775390625e+01 5.583219146728515625e+01 5.368799591064453125e+01 5.198008346557617188e+01 5.129214096069335938e+01 1.289999961853027344e+00
5.682297515869140625e+01 5.586420440673828125e+01 5.375576019287109375e+01 5.202153396606445312e+01 5.133942413330078125e+01 1.299999952316284180e+00
5.684551239013671875e+01 5.589585876464843750e+01 5.382580566406250000e+01 5.206126022338867188e+01 5.138813400268554688e+01 1.309999942779541016e+00
5.686759185791015625e+01 5.592797851562500000e+01 5.389704132080078125e+01 5.209955978393554688e+01 5.143125915527343750e+01 1.319999933242797852e+00
5.683947372436523438e+01 5.582196807861328125e+01 5.385668182373046875e+01 5.204195404052734375e+01 5.139356613159179688e+01 1.329999923706054688e+00
5.685997009277343750e+01 5.585611343383789062e+01 5.393226623535156250e+01 5.207704544067382812e+01 5.143729782104492188e+01 1.339999914169311523e+00
5.688148498535156250e+01 5.589086914062500000e+01 5.401123428344726562e+01 5.211243438720703125e+01 5.148558807373046875e+01 1.350000023841857910e+00
5.690281677246093750e+01 5.592847442626953125e+01 5.409040069580078125e+01 5.214946365356445312e+01 5.153467559814453125e+01 1.360000014305114746e+00
5.692280578613281250e+01 5.596937561035156250e+01 5.416878509521484375e+01 5.218686676025390625e+01 5.158673095703125000e+01 1.370000004768371582e+00
5.694554901123046875e+01 5.601331710815429688e+01 5.424187469482421875e+01 5.222411727905273438e+01 5.163727188110351562e+01 1.379999995231628418e+00
5.696758651733398438e+01 5.605974960327148438e+01 5.430991363525390625e+01 5.226145553588867188e+01 5.167920684814453125e+01 1.389999985694885254e+00
5.698850631713867188e+01 5.610820770263671875e+01 5.437288665771484375e+01 5.229878616333007812e+01 5.169865798950195312e+01 1.399999976158142090e+00
5.701061248779296875e+01 5.615660858154296875e+01 5.442802047729492188e+01 5.233631515502929688e+01 5.173292160034179688e+01 1.409999966621398926e+00
5.695937728881835938e+01 5.595342254638671875e+01 5.424443435668945312e+01 5.219121551513671875e+01 5.157341003417968750e+01 1.419999957084655762e+00
5.698007965087890625e+01 5.600347900390625000e+01 5.429182052612304688e+01 5.222998046875000000e+01 5.160801696777343750e+01 1.429999947547912598e+00
5.700189971923828125e+01 5.605423355102539062e+01 5.433487319946289062e+01 5.227096557617187500e+01 5.163960266113281250e+01 1.439999938011169434e+00
5.702371597290039062e+01 5.610602188110351562e+01 5.436856842041015625e+01 5.231301116943359375e+01 5.166571426391601562e+01 1.449999928474426270e+00
5.704455947875976562e+01 5.615837478637695312e+01 5.440094375610351562e+01 5.235672378540039062e+01 5.169762420654296875e+01 1.459999918937683105e+00
5.706363677978515625e+01 5.621136093139648438e+01 5.443370819091796875e+01 5.240107727050781250e+01 5.173228454589843750e+01 1.469999909400939941e+00
5.708340072631835938e+01 5.626473617553710938e+01 5.446667098999023438e+01 5.244633865356445312e+01 5.175732040405273438e+01 1.480000019073486328e+00
5.710271072387695312e+01 5.631911468505859375e+01 5.450016021728515625e+01 5.249164581298828125e+01 5.178376770019531250e+01 1.490000009536743164e+00
5.712149429321289062e+01 5.637513732910156250e+01 5.453458404541015625e+01 5.253800964355468750e+01 5.181975936889648438e+01 1.500000000000000000e+00
5.708150100708007812e+01 5.634203338623046875e+01 5.448075103759765625e+01 5.251192474365234375e+01 5.178238677978515625e+01 1.509999990463256836e+00
5.710193252563476562e+01 5.639900207519531250e+01 5.451581573486328125e+01 5.256066894531250000e+01 5.181781768798828125e+01 1.519999980926513672e+00
5.712237548828125000e+01 5.645803451538085938e+01 5.455888748168945312e+01 5.260890579223632812e+01 5.184778976440429688e+01 1.529999971389770508e+00
5.713980484008789062e+01 5.651652526855468750e+01 5.460305404663085938e+01 5.265845870971679688e+01 5.187552642822265625e+01 1.539999961853027344e+00
5.715880203247070312e+01 5.657572555541992188e+01 5.465382766723632812e+01 5.270737075805664062e+01 5.190222930908203125e+01 1.549999952316284180e+00
5.714990234375000000e+01 5.659497833251953125e+01 5.466807174682617188e+01 5.272144317626953125e+01 5.189945602416992188e+01 1.559999942779541016e+00
5.716810607910156250e+01 5.665511703491210938e+01 5.472454452514648438e+01 5.276718521118164062e+01 5.193051528930664062e+01 1.569999933242797852e+00
5.718766403198242188e+01 5.671619415283203125e+01 5.478565979003906250e+01 5.280950164794921875e+01 5.196328735351562500e+01 1.579999923706054688e+00
5.720619583129882812e+01 5.677679824829101562e+01 5.484399795532226562e+01 5.285046386718750000e+01 5.199752807617187500e+01 1.589999914169311523e+00
5.711258697509765625e+01 5.669433593750000000e+01 5.479994583129882812e+01 5.282216644287109375e+01 5.197284698486328125e+01 1.599999904632568359e+00
5.713198089599609375e+01 5.675564575195312500e+01 5.484687042236328125e+01 5.286118698120117188e+01 5.200476455688476562e+01 1.610000014305114746e+00
5.715177917480468750e+01 5.681959915161132812e+01 5.488633346557617188e+01 5.290048599243164062e+01 5.203700256347656250e+01 1.620000004768371582e+00
5.717481994628906250e+01 5.688211822509765625e+01 5.491860580444335938e+01 5.294207763671875000e+01 5.206669616699218750e+01 1.629999995231628418e+00
5.719549560546875000e+01 5.694351196289062500e+01 5.494886779785156250e+01 5.298450469970703125e+01 5.209586334228515625e+01 1.639999985694885254e+00
5.722943115234375000e+01 5.694546127319335938e+01 5.488127899169921875e+01 5.295698547363281250e+01 5.205318832397460938e+01 1.649999976158142090e+00
5.725136184692382812e+01 5.699919128417968750e+01 5.490814971923828125e+01 5.300184249877929688e+01 5.207840728759765625e+01 1.659999966621398926e+00
5.727190780639648438e+01 5.704721450805664062e+01 5.493790817260742188e+01 5.304932022094726562e+01 5.210781097412109375e+01 1.669999957084655762e+00
5.729233551025390625e+01 5.709110641479492188e+01 5.496729278564453125e+01 5.309766387939453125e+01 5.214157104492187500e+01 1.679999947547912598e+00
5.731144332885742188e+01 5.713214874267578125e+01 5.499705886840820312e+01 5.314677429199218750e+01 5.217472457885742188e+01 1.689999938011169434e+00
5.734249114990234375e+01 5.710456848144531250e+01 5.491901779174804688e+01 5.311915969848632812e+01 5.213194656372070312e+01 1.699999928474426270e+00
5.736442565917968750e+01 5.714277267456054688e+01 5.494482040405273438e+01 5.316950607299804688e+01 5.216337203979492188e+01 1.709999918937683105e+00
5.738651275634765625e+01 5.717980957031250000e+01 5.496817779541015625e+01 5.321963882446289062e+01 5.219382858276367188e+01 1.719999909400939941e+00
5.740902709960937500e+01 5.721672821044921875e+01 5.499301147460937500e+01 5.327000427246093750e+01 5.222320938110351562e+01 1.730000019073486328e+00
5.743139266967773438e+01 5.725255203247070312e+01 5.501702117919921875e+01 5.332115554809570312e+01 5.225087356567382812e+01 1.740000009536743164e+00
5.746537780761718750e+01 5.723159790039062500e+01 5.493500137329101562e+01 5.329404449462890625e+01 5.220824813842773438e+01 1.750000000000000000e+00
5.748559951782226562e+01 5.727051925659179688e+01 5.496253585815429688e+01 5.334555435180664062e+01 5.223926925659179688e+01 1.759999990463256836e+00
5.750146865844726562e+01 5.730906677246093750e+01 5.499150848388671875e+01 5.339786529541015625e+01 5.227339172363281250e+01 1.769999980926513672e+00
5.751506042480468750e+01 5.734710693359375000e+01 5.502230834960937500e+01 5.344946670532226562e+01 5.230828857421875000e+01 1.779999971389770508e+00
5.753241729736328125e+01 5.738351821899414062e+01 5.505666351318359375e+01 5.350168228149414062e+01 5.234115982055664062e+01 1.789999961853027344e+00
5.757209777832031250e+01 5.736281967163085938e+01 5.497386550903320312e+01 5.346860122680664062e+01 5.231178283691406250e+01 1.799999952316284180e+00
5.758905792236328125e+01 5.740103530883789062e+01 5.500832366943359375e+01 5.351959609985351562e+01 5.234952926635742188e+01 1.809999942779541016e+00
5.760665512084960938e+01 5.743703079223632812e+01 5.504277801513671875e+01 5.356954956054687500e+01 5.238136291503906250e+01 1.819999933242797852e+00
5.762083435058593750e+01 5.747042083740234375e+01 5.507426452636718750e+01 5.362161254882812500e+01 5.241435623168945312e+01 1.829999923706054688e+00
5.763555908203125000e+01 5.750212478637695312e+01 5.510241317749023438e+01 5.367312240600585938e+01 5.245530700683593750e+01 1.839999914169311523e+00
5.765170288085937500e+01 5.753239059448242188e+01 5.512964248657226562e+01 5.372716140747070312e+01 5.249912643432617188e+01 1.849999904632568359e+00
5.769650268554687500e+01 5.747768020629882812e+01 5.501898574829101562e+01 5.368598556518554688e+01 5.246787643432617188e+01 1.860000014305114746e+00
5.770861816406250000e+01 5.751148605346679688e+01 5.504103088378906250e+01 5.374301528930664062e+01 5.251048660278320312e+01 1.870000004768371582e+00
5.772243118286132812e+01 5.754531478881835938e+01 5.506218338012695312e+01 5.379980087280273438e+01 5.255089950561523438e+01 1.879999995231628418e+00
5.773954010009765625e+01 5.757938003540039062e+01 5.508316040039062500e+01 5.385576248168945312e+01 5.259110641479492188e+01 1.889999985694885254e+00
5.775374984741210938e+01 5.761319351196289062e+01 5.510427093505859375e+01 5.390992736816406250e+01 5.263471984863281250e+01 1.899999976158142090e+00
5.777067184448242188e+01 5.764701080322265625e+01 5.512565231323242188e+01 5.396450805664062500e+01 5.267854309082031250e+01 1.909999966621398926e+00
5.781515502929687500e+01 5.761491775512695312e+01 5.500582885742187500e+01 5.390738677978515625e+01 5.263283920288085938e+01 1.919999957084655762e+00
5.783006668090820312e+01 5.765149688720703125e+01 5.502944564819335938e+01 5.395336532592773438e+01 5.266497421264648438e+01 1.929999947547912598e+00
5.784263610839843750e+01 5.768761062622070312e+01 5.505299758911132812e+01 5.399694442749023438e+01 5.269557571411132812e+01 1.939999938011169434e+00
5.785408782958984375e+01 5.772171783447265625e+01 5.507923889160156250e+01 5.403954315185546875e+01 5.272929000854492188e+01 1.949999928474426270e+00
5.786802291870117188e+01 5.775481033325195312e+01 5.510841751098632812e+01 5.408084487915039062e+01 5.276235961914062500e+01 1.959999918937683105e+00
5.788160324096679688e+01 5.778557205200195312e+01 5.513936614990234375e+01 5.411436462402343750e+01 5.279339981079101562e+01 1.969999909400939941e+00
5.789320373535156250e+01 5.775165176391601562e+01 5.501907730102539062e+01 5.402589416503906250e+01 5.273128128051757812e+01 1.979999899864196777e+00
5.790747833251953125e+01 5.778507232666015625e+01 5.505432891845703125e+01 5.404906082153320312e+01 5.276450729370117188e+01 1.990000009536743164e+00
5.792253112792968750e+01 5.781822586059570312e+01 5.508965301513671875e+01 5.407040023803710938e+01 5.279982757568359375e+01 2.000000000000000000e+00
5.792311859130859375e+01 5.781956863403320312e+01 5.509070205688476562e+01 5.406789398193359375e+01 5.280970001220703125e+01 2.009999990463256836e+00
5.793681716918945312e+01 5.785357284545898438e+01 5.512660217285156250e+01 5.409237289428710938e+01 5.284043121337890625e+01 2.019999980926513672e+00
5.794985580444335938e+01 5.788735580444335938e+01 5.516102600097656250e+01 5.411594772338867188e+01 5.287482452392578125e+01 2.029999971389770508e+00
5.792208480834960938e+01 5.781824111938476562e+01 5.507382202148437500e+01 5.404927825927734375e+01 5.284387588500976562e+01 2.039999961853027344e+00
5.793415069580078125e+01 5.785646057128906250e+01 5.510960006713867188e+01 5.407584762573242188e+01 5.288623809814453125e+01 2.049999952316284180e+00
5.794740295410156250e+01 5.789346313476562500e+01 5.514631271362304688e+01 5.410202789306640625e+01 5.292960357666015625e+01 2.059999942779541016e+00
5.795742034912109375e+01 5.792913818359375000e+01 5.518286132812500000e+01 5.413049697875976562e+01 5.297223281860351562e+01 2.069999933242797852e+00
5.796863555908203125e+01 5.796428298950195312e+01 5.522089767456054688e+01 5.416306304931640625e+01 5.301414871215820312e+01 2.079999923706054688e+00
5.798029327392578125e+01 5.799776840209960938e+01 5.525834655761718750e+01 5.419667434692382812e+01 5.305540847778320312e+01 2.089999914169311523e+00
5.799255371093750000e+01 5.803028106689453125e+01 5.529602813720703125e+01 5.423439407348632812e+01 5.309654617309570312e+01 2.099999904632568359e+00
5.800557327270507812e+01 5.806089782714843750e+01 5.533479309082031250e+01 5.427213287353515625e+01 5.313687133789062500e+01 2.109999895095825195e+00
5.801626968383789062e+01 5.809058380126953125e+01 5.537470245361328125e+01 5.431079101562500000e+01 5.317818832397460938e+01 2.119999885559082031e+00
5.802205276489257812e+01 5.811398315429687500e+01 5.541144180297851562e+01 5.434555053710937500e+01 5.321192932128906250e+01 2.129999876022338867e+00
5.793579483032226562e+01 5.794731140136718750e+01 5.510213851928710938e+01 5.412896728515625000e+01 5.305608367919921875e+01 2.139999866485595703e+00
5.794682312011718750e+01 5.798324203491210938e+01 5.514304733276367188e+01 5.416650009155273438e+01 5.309880447387695312e+01 2.149999856948852539e+00
5.795871734619140625e+01 5.801835250854492188e+01 5.518351364135742188e+01 5.420450973510742188e+01 5.314293289184570312e+01 2.159999847412109375e+00
5.796984481811523438e+01 5.805304718017578125e+01 5.522444152832031250e+01 5.423610687255859375e+01 5.318741607666015625e+01 2.169999837875366211e+00
5.798590469360351562e+01 5.809109497070312500e+01 5.527028274536132812e+01 5.426918029785156250e+01 5.323889923095703125e+01 2.180000066757202148e+00
5.799938964843750000e+01 5.812202072143554688e+01 5.531272888183593750e+01 5.429094314575195312e+01 5.327822113037109375e+01 2.190000057220458984e+00
5.801101303100585938e+01 5.815030288696289062e+01 5.535466766357421875e+01 5.430822753906250000e+01 5.331919860839843750e+01 2.200000047683715820e+00
5.802495574951171875e+01 5.817694854736328125e+01 5.539729309082031250e+01 5.432419204711914062e+01 5.335926437377929688e+01 2.210000038146972656e+00
5.803891372680664062e+01 5.820175552368164062e+01 5.543948745727539062e+01 5.434048461914062500e+01 5.340042877197265625e+01 2.220000028610229492e+00
5.805233383178710938e+01 5.822488403320312500e+01 5.548368835449218750e+01 5.435564422607421875e+01 5.344144821166992188e+01 2.230000019073486328e+00
5.806711959838867188e+01 5.824675750732421875e+01 5.552940368652343750e+01 5.437163925170898438e+01 5.348253631591796875e+01 2.240000009536743164e+00
5.752114486694335938e+01 5.767841339111328125e+01 5.516074371337890625e+01 5.410596847534179688e+01 5.330495452880859375e+01 2.250000000000000000e+00
5.753231811523437500e+01 5.769863128662109375e+01 5.520370101928710938e+01 5.411999130249023438e+01 5.334807205200195312e+01 2.259999990463256836e+00
5.754469680786132812e+01 5.771717071533203125e+01 5.524864578247070312e+01 5.413420104980468750e+01 5.338672637939453125e+01 2.269999980926513672e+00
5.755724716186523438e+01 5.773419952392578125e+01 5.529557418823242188e+01 5.414784240722656250e+01 5.342269897460937500e+01 2.279999971389770508e+00
5.757030105590820312e+01 5.774917221069335938e+01 5.534266281127929688e+01 5.415801620483398438e+01 5.345767974853515625e+01 2.289999961853027344e+00
5.758333969116210938e+01 5.776294708251953125e+01 5.538968658447265625e+01 5.416683578491210938e+01 5.349673461914062500e+01 2.299999952316284180e+00
5.759748077392578125e+01 5.777521514892578125e+01 5.543516921997070312e+01 5.417458343505859375e+01 5.353779220581054688e+01 2.309999942779541016e+00
5.761136627197265625e+01 5.778610992431640625e+01 5.548046875000000000e+01 5.418280029296875000e+01 5.357365036010742188e+01 2.319999933242797852e+00
5.762583923339843750e+01 5.779607772827148438e+01 5.552322006225585938e+01 5.419200897216796875e+01 5.360273361206054688e+01 2.329999923706054688e+00
5.763973236083984375e+01 5.780562210083007812e+01 5.556455230712890625e+01 5.420357894897460938e+01 5.364097976684570312e+01 2.339999914169311523e+00
5.765545272827148438e+01 5.781434249877929688e+01 5.560616302490234375e+01 5.421595001220703125e+01 5.368194198608398438e+01 2.349999904632568359e+00
5.767152404785156250e+01 5.782262039184570312e+01 5.564657592773437500e+01 5.423002624511718750e+01 5.372332000732421875e+01 2.359999895095825195e+00
5.769521331787109375e+01 5.787439727783203125e+01 5.528135681152343750e+01 5.397027969360351562e+01 5.351172256469726562e+01 2.369999885559082031e+00
5.770946884155273438e+01 5.788384628295898438e+01 5.531856536865234375e+01 5.398646545410156250e+01 5.353139877319335938e+01 2.379999876022338867e+00
5.772042083740234375e+01 5.788842773437500000e+01 5.535153961181640625e+01 5.399971008300781250e+01 5.353179931640625000e+01 2.389999866485595703e+00
5.773471069335937500e+01 5.789765167236328125e+01 5.538843536376953125e+01 5.401897811889648438e+01 5.353767013549804688e+01 2.399999856948852539e+00
5.775086593627929688e+01 5.790654754638671875e+01 5.542643356323242188e+01 5.403903198242187500e+01 5.355896377563476562e+01 2.409999847412109375e+00
5.776660919189453125e+01 5.791550445556640625e+01 5.546399688720703125e+01 5.405854797363281250e+01 5.358638000488281250e+01 2.419999837875366211e+00
5.778414154052734375e+01 5.792419052124023438e+01 5.550352859497070312e+01 5.407805633544921875e+01 5.361329269409179688e+01 2.429999828338623047e+00
5.780551147460937500e+01 5.793706512451171875e+01 5.554738998413085938e+01 5.410071182250976562e+01 5.364096069335937500e+01 2.440000057220458984e+00
5.782206344604492188e+01 5.794504928588867188e+01 5.558839797973632812e+01 5.411738586425781250e+01 5.365729141235351562e+01 2.450000047683715820e+00
5.783948135375976562e+01 5.795279693603515625e+01 5.563079452514648438e+01 5.413123321533203125e+01 5.366772079467773438e+01 2.460000038146972656e+00
5.785822677612304688e+01 5.796044540405273438e+01 5.567245101928710938e+01 5.414329147338867188e+01 5.368944168090820312e+01 2.470000028610229492e+00
5.831499099731445312e+01 5.843280410766601562e+01 5.530249023437500000e+01 5.386817169189453125e+01 5.347207641601562500e+01 2.480000019073486328e+00
5.833546829223632812e+01 5.844461822509765625e+01 5.534575271606445312e+01 5.387654113769531250e+01 5.349041366577148438e+01 2.490000009536743164e+00
5.835682678222656250e+01 5.845594787597656250e+01 5.538891983032226562e+01 5.388477706909179688e+01 5.351099777221679688e+01 2.500000000000000000e+00
5.837786483764648438e+01 5.846658706665039062e+01 5.543087768554687500e+01 5.389376449584960938e+01 5.353898239135742188e+01 2.509999990463256836e+00
5.839995193481445312e+01 5.847637939453125000e+01 5.547248077392578125e+01 5.390264892578125000e+01 5.356406784057617188e+01 2.519999980926513672e+00
5.842195510864257812e+01 5.848595809936523438e+01 5.551142120361328125e+01 5.391226959228515625e+01 5.359239959716796875e+01 2.529999971389770508e+00
5.844400787353515625e+01 5.849498367309570312e+01 5.555051040649414062e+01 5.392330932617187500e+01 5.362513351440429688e+01 2.539999961853027344e+00
5.846608352661132812e+01 5.850350570678710938e+01 5.558857727050781250e+01 5.393484878540039062e+01 5.365497970581054688e+01 2.549999952316284180e+00
5.848819732666015625e+01 5.851212310791015625e+01 5.562498855590820312e+01 5.394692611694335938e+01 5.367676162719726562e+01 2.559999942779541016e+00
5.851007843017578125e+01 5.852038192749023438e+01 5.566330718994140625e+01 5.395927810668945312e+01 5.370645141601562500e+01 2.569999933242797852e+00
5.853255462646484375e+01 5.852831649780273438e+01 5.570217132568359375e+01 5.397289657592773438e+01 5.373988723754882812e+01 2.579999923706054688e+00
5.855480194091796875e+01 5.853589248657226562e+01 5.574253082275390625e+01 5.398708724975585938e+01 5.377296447753906250e+01 2.589999914169311523e+00
5.857223892211914062e+01 5.857196807861328125e+01 5.526959228515625000e+01 5.367487716674804688e+01 5.351174926757812500e+01 2.599999904632568359e+00
5.859690475463867188e+01 5.858219528198242188e+01 5.530984878540039062e+01 5.369042968750000000e+01 5.353040695190429688e+01 2.609999895095825195e+00
5.862045669555664062e+01 5.859150695800781250e+01 5.535103988647460938e+01 5.370721435546875000e+01 5.354148483276367188e+01 2.619999885559082031e+00
5.864384841918945312e+01 5.860057449340820312e+01 5.539261245727539062e+01 5.372528457641601562e+01 5.354669952392578125e+01 2.629999876022338867e+00
5.866809463500976562e+01 5.860914993286132812e+01 5.543458938598632812e+01 5.374319076538085938e+01 5.355281829833984375e+01 2.639999866485595703e+00
5.869186782836914062e+01 5.861764907836914062e+01 5.547582244873046875e+01 5.376206588745117188e+01 5.356023788452148438e+01 2.649999856948852539e+00
5.871467971801757812e+01 5.862577438354492188e+01 5.551879882812500000e+01 5.378067398071289062e+01 5.357075881958007812e+01 2.659999847412109375e+00
5.873939132690429688e+01 5.863381576538085938e+01 5.556154632568359375e+01 5.379919052124023438e+01 5.358351516723632812e+01 2.669999837875366211e+00
5.876557922363281250e+01 5.864153671264648438e+01 5.560454940795898438e+01 5.381738281250000000e+01 5.359652709960937500e+01 2.679999828338623047e+00
5.879091644287109375e+01 5.864941406250000000e+01 5.564592361450195312e+01 5.383528900146484375e+01 5.361052322387695312e+01 2.690000057220458984e+00
5.877554321289062500e+01 5.867386245727539062e+01 5.513676452636718750e+01 5.350412368774414062e+01 5.332978057861328125e+01 2.700000047683715820e+00
5.880133819580078125e+01 5.868328857421875000e+01 5.517544555664062500e+01 5.352072143554687500e+01 5.333869171142578125e+01 2.710000038146972656e+00
5.882941818237304688e+01 5.869295501708984375e+01 5.521394729614257812e+01 5.353833770751953125e+01 5.334885787963867188e+01 2.720000028610229492e+00
5.885514450073242188e+01 5.870212936401367188e+01 5.525280761718750000e+01 5.355546569824218750e+01 5.335459899902343750e+01 2.730000019073486328e+00
5.888112640380859375e+01 5.871148681640625000e+01 5.529195785522460938e+01 5.357416915893554688e+01 5.336286163330078125e+01 2.740000009536743164e+00
5.890771865844726562e+01 5.872064590454101562e+01 5.533425521850585938e+01 5.359215927124023438e+01 5.336903762817382812e+01 2.750000000000000000e+00
5.893605422973632812e+01 5.872989654541015625e+01 5.537666702270507812e+01 5.361076354980468750e+01 5.337141036987304688e+01 2.759999990463256836e+00
5.896355438232421875e+01 5.873933410644531250e+01 5.542210388183593750e+01 5.362874603271484375e+01 5.337457656860351562e+01 2.769999980926513672e+00
5.899291992187500000e+01 5.874891281127929688e+01 5.546798706054687500e+01 5.364703369140625000e+01 5.337870025634765625e+01 2.779999971389770508e+00
5.901942825317382812e+01 5.875814056396484375e+01 5.551728057861328125e+01 5.366657257080078125e+01 5.339371490478515625e+01 2.789999961853027344e+00
5.898339843750000000e+01 5.870404434204101562e+01 5.494480895996093750e+01 5.330425643920898438e+01 5.309656906127929688e+01 2.799999952316284180e+00
5.900853729248046875e+01 5.871889114379882812e+01 5.499286270141601562e+01 5.332134628295898438e+01 5.310241317749023438e+01 2.809999942779541016e+00
5.903341674804687500e+01 5.873274612426757812e+01 5.504112243652343750e+01 5.333776092529296875e+01 5.310860443115234375e+01 2.819999933242797852e+00
5.905878829956054688e+01 5.874645233154296875e+01 5.508898925781250000e+01 5.335478973388671875e+01 5.311443328857421875e+01 2.829999923706054688e+00
5.908307647705078125e+01 5.875962829589843750e+01 5.513723373413085938e+01 5.337060546875000000e+01 5.312033462524414062e+01 2.839999914169311523e+00
5.910251998901367188e+01 5.877235412597656250e+01 5.518568038940429688e+01 5.338656616210937500e+01 5.312767791748046875e+01 2.849999904632568359e+00
5.912426757812500000e+01 5.878491592407226562e+01 5.523525619506835938e+01 5.340217590332031250e+01 5.313854980468750000e+01 2.859999895095825195e+00
5.914670944213867188e+01 5.879692840576171875e+01 5.528240585327148438e+01 5.341862869262695312e+01 5.315092086791992188e+01 2.869999885559082031e+00
5.916940307617187500e+01 5.880830764770507812e+01 5.533127593994140625e+01 5.343504714965820312e+01 5.316247940063476562e+01 2.879999876022338867e+00
5.919197463989257812e+01 5.881994247436523438e+01 5.538213729858398438e+01 5.345083236694335938e+01 5.317310714721679688e+01 2.889999866485595703e+00
5.906680297851562500e+01 5.849972915649414062e+01 5.474026870727539062e+01 5.307693099975585938e+01 5.286599731445312500e+01 2.899999856948852539e+00
5.908252716064453125e+01 5.852324295043945312e+01 5.478504180908203125e+01 5.309127044677734375e+01 5.287364196777343750e+01 2.909999847412109375e+00
5.909177017211914062e+01 5.854710769653320312e+01 5.483007049560546875e+01 5.310605621337890625e+01 5.288176345825195312e+01 2.919999837875366211e+00
5.909996032714843750e+01 5.857000350952148438e+01 5.487702560424804688e+01 5.312093353271484375e+01 5.288623809814453125e+01 2.929999828338623047e+00
5.911251449584960938e+01 5.859311676025390625e+01 5.492488861083984375e+01 5.313678741455078125e+01 5.289210891723632812e+01 2.939999818801879883e+00
5.912977600097656250e+01 5.861576843261718750e+01 5.497257232666015625e+01 5.315258407592773438e+01 5.289839553833007812e+01 2.950000047683715820e+00
5.914996719360351562e+01 5.863825988769531250e+01 5.501958465576171875e+01 5.316900253295898438e+01 5.290324401855468750e+01 2.960000038146972656e+00
5.916972732543945312e+01 5.866029357910156250e+01 5.506808853149414062e+01 5.318531799316406250e+01 5.290713500976562500e+01 2.970000028610229492e+00
5.918902587890625000e+01 5.868310928344726562e+01 5.511723709106445312e+01 5.320264816284179688e+01 5.291017532348632812e+01 2.980000019073486328e+00
5.902460479736328125e+01 5.805120468139648438e+01 5.447426605224609375e+01 5.286623382568359375e+01 5.262552642822265625e+01 2.990000009536743164e+00
5.903913116455078125e+01 5.809185791015625000e+01 5.451135635375976562e+01 5.288222122192382812e+01 5.263098526000976562e+01 3.000000000000000000e+00
5.905662155151367188e+01 5.813506698608398438e+01 5.454997253417968750e+01 5.289884948730468750e+01 5.263381576538085938e+01 3.009999990463256836e+00
5.907688522338867188e+01 5.817688369750976562e+01 5.458780288696289062e+01 5.291579818725585938e+01 5.263810729980468750e+01 3.019999980926513672e+00
5.909548187255859375e+01 5.822046279907226562e+01 5.462718963623046875e+01 5.293280029296875000e+01 5.264561843872070312e+01 3.029999971389770508e+00
5.911328887939453125e+01 5.826338958740234375e+01 5.466654205322265625e+01 5.294918060302734375e+01 5.264906692504882812e+01 3.039999961853027344e+00
5.913161468505859375e+01 5.830731582641601562e+01 5.470569229125976562e+01 5.296564483642578125e+01 5.265090179443359375e+01 3.049999952316284180e+00
5.915287399291992188e+01 5.835078811645507812e+01 5.474549102783203125e+01 5.298200607299804688e+01 5.265482711791992188e+01 3.059999942779541016e+00
5.917259597778320312e+01 5.839523315429687500e+01 5.478706359863281250e+01 5.299837112426757812e+01 5.265875625610351562e+01 3.069999933242797852e+00
5.899828338623046875e+01 5.766701126098632812e+01 5.409143066406250000e+01 5.265799331665039062e+01 5.236865234375000000e+01 3.079999923706054688e+00
5.901884841918945312e+01 5.773367309570312500e+01 5.412160491943359375e+01 5.267251205444335938e+01 5.237345123291015625e+01 3.089999914169311523e+00
5.903906250000000000e+01 5.780014038085937500e+01 5.415095138549804688e+01 5.268684387207031250e+01 5.238072967529296875e+01 3.099999904632568359e+00
