#     Mag U    Mag U    Mag U    Mag U    Mag U    Redshift
9.462366104125976562e+00 7.558875083923339844e+00 6.739906787872314453e+00 6.310230731964111328e+00 6.095808506011962891e+00 0.000000000000000000e+00
4.414503860473632812e+01 4.224434661865234375e+01 4.140190887451171875e+01 4.097098922729492188e+01 4.075708389282226562e+01 9.999999776482582092e-03
4.504602050781250000e+01 4.315126037597656250e+01 4.228508377075195312e+01 4.185550308227539062e+01 4.164048385620117188e+01 1.999999955296516418e-02
4.572565078735351562e+01 4.382718276977539062e+01 4.293670654296875000e+01 4.250642395019531250e+01 4.228483581542968750e+01 2.999999932944774628e-02
4.624317169189453125e+01 4.433922576904296875e+01 4.342605209350585938e+01 4.299562072753906250e+01 4.276926422119140625e+01 3.999999910593032837e-02
4.670080184936523438e+01 4.478710937500000000e+01 4.384976196289062500e+01 4.341664123535156250e+01 4.318528366088867188e+01 4.999999701976776123e-02
4.706872177124023438e+01 4.514542007446289062e+01 4.419092559814453125e+01 4.375324249267578125e+01 4.351444625854492188e+01 5.999999865889549255e-02
4.742010116577148438e+01 4.548080444335937500e+01 4.451224136352539062e+01 4.406658554077148438e+01 4.381985473632812500e+01 7.000000029802322388e-02
4.770915985107421875e+01 4.576176071166992188e+01 4.477597808837890625e+01 4.432268905639648438e+01 4.407242584228515625e+01 7.999999821186065674e-02
4.800265502929687500e+01 4.604224395751953125e+01 4.503490829467773438e+01 4.457363128662109375e+01 4.432162094116210938e+01 8.999999612569808960e-02
4.824456405639648438e+01 4.627470397949218750e+01 4.524636077880859375e+01 4.478265380859375000e+01 4.452555847167968750e+01 9.999999403953552246e-02
4.850415802001953125e+01 4.651664352416992188e+01 4.546279907226562500e+01 4.499808883666992188e+01 4.473661041259765625e+01 1.099999994039535522e-01
4.872043228149414062e+01 4.672064590454101562e+01 4.564066314697265625e+01 4.517738342285156250e+01 4.490841293334960938e+01 1.199999973177909851e-01
4.895949172973632812e+01 4.693894195556640625e+01 4.583137893676757812e+01 4.536474227905273438e+01 4.509196090698242188e+01 1.299999952316284180e-01
4.915709686279296875e+01 4.711914062500000000e+01 4.598674392700195312e+01 4.551604080200195312e+01 4.524089813232421875e+01 1.400000005960464478e-01
4.924842453002929688e+01 4.718402862548828125e+01 4.602236175537109375e+01 4.554235076904296875e+01 4.526677322387695312e+01 1.499999910593032837e-01
4.960056686401367188e+01 4.751186370849609375e+01 4.631699752807617188e+01 4.582696533203125000e+01 4.555485153198242188e+01 1.599999964237213135e-01
4.977983856201171875e+01 4.766736221313476562e+01 4.644329833984375000e+01 4.594445800781250000e+01 4.567873001098632812e+01 1.700000017881393433e-01
4.998566436767578125e+01 4.784402465820312500e+01 4.658972167968750000e+01 4.607925033569335938e+01 4.581794357299804688e+01 1.799999922513961792e-01
5.014386749267578125e+01 4.798753356933593750e+01 4.670555496215820312e+01 4.618601608276367188e+01 4.592829895019531250e+01 1.899999976158142090e-01
5.033634567260742188e+01 4.815607452392578125e+01 4.684141159057617188e+01 4.631175231933593750e+01 4.605372238159179688e+01 1.999999880790710449e-01
5.048757553100585938e+01 4.828992462158203125e+01 4.694492340087890625e+01 4.640775299072265625e+01 4.615094757080078125e+01 2.099999934434890747e-01
5.067143249511718750e+01 4.845088195800781250e+01 4.706981658935546875e+01 4.652277374267578125e+01 4.626765441894531250e+01 2.199999988079071045e-01
5.085408020019531250e+01 4.860869598388671875e+01 4.718981933593750000e+01 4.663435745239257812e+01 4.637718200683593750e+01 2.299999892711639404e-01
5.099860382080078125e+01 4.872939300537109375e+01 4.728088378906250000e+01 4.671746826171875000e+01 4.646023559570312500e+01 2.399999946355819702e-01
5.117619323730468750e+01 4.887513732910156250e+01 4.739579010009765625e+01 4.682193756103515625e+01 4.656533050537109375e+01 2.500000000000000000e-01
5.130832290649414062e+01 4.898305892944335938e+01 4.748086166381835938e+01 4.689857482910156250e+01 4.664573287963867188e+01 2.599999904632568359e-01
5.140689849853515625e+01 4.904701995849609375e+01 4.751816558837890625e+01 4.692393493652343750e+01 4.667477035522460938e+01 2.699999809265136719e-01
5.164822387695312500e+01 4.925302124023437500e+01 4.769995880126953125e+01 4.709356689453125000e+01 4.684817123413085938e+01 2.800000011920928955e-01
5.177625656127929688e+01 4.934613418579101562e+01 4.777882003784179688e+01 4.716173934936523438e+01 4.691926193237304688e+01 2.899999916553497314e-01
5.187871551513671875e+01 4.940685653686523438e+01 4.781899261474609375e+01 4.718830108642578125e+01 4.694482421875000000e+01 2.999999821186065674e-01
5.210443115234375000e+01 4.959737777709960938e+01 4.798636245727539062e+01 4.734412384033203125e+01 4.709441757202148438e+01 3.100000023841857910e-01
5.222419357299804688e+01 4.968321609497070312e+01 4.805511474609375000e+01 4.740586090087890625e+01 4.714923095703125000e+01 3.199999928474426270e-01
5.237505722045898438e+01 4.980499649047851562e+01 4.814990234375000000e+01 4.749160766601562500e+01 4.722477722167968750e+01 3.299999833106994629e-01
5.247769927978515625e+01 4.988770294189453125e+01 4.821318435668945312e+01 4.754896926879882812e+01 4.727539062500000000e+01 3.400000035762786865e-01
5.260345458984375000e+01 5.000742340087890625e+01 4.830611038208007812e+01 4.763144683837890625e+01 4.735261535644531250e+01 3.499999940395355225e-01
5.272494125366210938e+01 5.012638092041015625e+01 4.839833068847656250e+01 4.771336364746093750e+01 4.743151092529296875e+01 3.599999845027923584e-01
5.280088806152343750e+01 5.020608901977539062e+01 4.845803833007812500e+01 4.776700592041015625e+01 4.747950363159179688e+01 3.700000047683715820e-01
5.290789794921875000e+01 5.032014083862304688e+01 4.854824447631835938e+01 4.784732055664062500e+01 4.754917526245117188e+01 3.799999952316284180e-01
5.301674270629882812e+01 5.042322158813476562e+01 4.864038085937500000e+01 4.792601776123046875e+01 4.761818313598632812e+01 3.899999856948852539e-01
5.308815383911132812e+01 5.047746276855468750e+01 4.870146560668945312e+01 4.797441101074218750e+01 4.765979385375976562e+01 3.999999761581420898e-01
5.319970703125000000e+01 5.056947708129882812e+01 4.879520797729492188e+01 4.804877090454101562e+01 4.772767257690429688e+01 4.099999964237213135e-01
5.331121444702148438e+01 5.065830993652343750e+01 4.888950347900390625e+01 4.812047195434570312e+01 4.779491043090820312e+01 4.199999868869781494e-01
5.342977905273437500e+01 5.074404525756835938e+01 4.898516845703125000e+01 4.819175720214843750e+01 4.786112213134765625e+01 4.299999773502349854e-01
5.350338363647460938e+01 5.078631210327148438e+01 4.904874801635742188e+01 4.823374557495117188e+01 4.789955139160156250e+01 4.399999976158142090e-01
5.361701583862304688e+01 5.087136077880859375e+01 4.914387130737304688e+01 4.830321884155273438e+01 4.796133804321289062e+01 4.499999880790710449e-01
5.372516632080078125e+01 5.095608901977539062e+01 4.923823928833007812e+01 4.837152481079101562e+01 4.802621841430664062e+01 4.599999785423278809e-01
5.379148101806640625e+01 5.099922561645507812e+01 4.929547500610351562e+01 4.840851211547851562e+01 4.806084442138671875e+01 4.699999988079071045e-01
5.388253402709960938e+01 5.108459091186523438e+01 4.938851165771484375e+01 4.847431182861328125e+01 4.812315368652343750e+01 4.799999892711639404e-01
5.396075820922851562e+01 5.117420196533203125e+01 4.948079681396484375e+01 4.853851318359375000e+01 4.818494415283203125e+01 4.899999797344207764e-01
5.400427246093750000e+01 5.122292327880859375e+01 4.953686904907226562e+01 4.857155990600585938e+01 4.821488952636718750e+01 5.000000000000000000e-01
5.407443237304687500e+01 5.131552124023437500e+01 4.962737274169921875e+01 4.863429260253906250e+01 4.827251052856445312e+01 5.099999904632568359e-01
5.414109039306640625e+01 5.140529251098632812e+01 4.971725463867187500e+01 4.869556808471679688e+01 4.833047103881835938e+01 5.199999809265136719e-01
5.420448684692382812e+01 5.149268341064453125e+01 4.980852127075195312e+01 4.875650024414062500e+01 4.838602066040039062e+01 5.299999713897705078e-01
5.423363876342773438e+01 5.154204177856445312e+01 4.986436080932617188e+01 4.878260040283203125e+01 4.841084289550781250e+01 5.399999618530273438e-01
5.430860137939453125e+01 5.161878204345703125e+01 4.995064163208007812e+01 4.884604644775390625e+01 4.847792053222656250e+01 5.500000119209289551e-01
5.437284469604492188e+01 5.170253753662109375e+01 5.003610610961914062e+01 4.890549087524414062e+01 4.853621292114257812e+01 5.600000023841857910e-01
5.443746185302734375e+01 5.178842926025390625e+01 5.012020874023437500e+01 4.896599578857421875e+01 4.859436798095703125e+01 5.699999928474426270e-01
5.447567367553710938e+01 5.182897567749023438e+01 5.016445159912109375e+01 4.899453353881835938e+01 4.862199020385742188e+01 5.799999833106994629e-01
5.453889083862304688e+01 5.191372680664062500e+01 5.024478149414062500e+01 4.905342483520507812e+01 4.867657852172851562e+01 5.899999737739562988e-01
5.457083511352539062e+01 5.196758270263671875e+01 5.029262161254882812e+01 4.908086776733398438e+01 4.870296478271484375e+01 5.999999642372131348e-01
5.466057968139648438e+01 5.208336257934570312e+01 5.039828491210937500e+01 4.916764831542968750e+01 4.878604888916015625e+01 6.100000143051147461e-01
5.469471359252929688e+01 5.212582778930664062e+01 5.043500137329101562e+01 4.919090652465820312e+01 4.880445098876953125e+01 6.200000047683715820e-01
5.475634002685546875e+01 5.221269607543945312e+01 5.051099395751953125e+01 4.924679565429687500e+01 4.885736846923828125e+01 6.299999952316284180e-01
5.481925201416015625e+01 5.230034255981445312e+01 5.058673858642578125e+01 4.930396652221679688e+01 4.891007614135742188e+01 6.399999856948852539e-01
5.488265991210937500e+01 5.238992309570312500e+01 5.066251373291015625e+01 4.936187744140625000e+01 4.896322250366210938e+01 6.499999761581420898e-01
5.491944503784179688e+01 5.243481445312500000e+01 5.069426727294921875e+01 4.938198471069335938e+01 4.897791290283203125e+01 6.599999666213989258e-01
5.498883819580078125e+01 5.252944564819335938e+01 5.076852798461914062e+01 4.943885803222656250e+01 4.902486038208007812e+01 6.699999570846557617e-01
5.505627822875976562e+01 5.262445068359375000e+01 5.084231948852539062e+01 4.949583816528320312e+01 4.907231521606445312e+01 6.800000071525573730e-01
5.512692642211914062e+01 5.271872329711914062e+01 5.091674041748046875e+01 4.955361557006835938e+01 4.911947250366210938e+01 6.899999976158142090e-01
5.514740371704101562e+01 5.275547409057617188e+01 5.094411468505859375e+01 4.956799697875976562e+01 4.912411499023437500e+01 6.999999880790710449e-01
5.521838760375976562e+01 5.284141921997070312e+01 5.102108001708984375e+01 4.962583541870117188e+01 4.917230224609375000e+01 7.099999785423278809e-01
5.528979873657226562e+01 5.292754364013671875e+01 5.109553527832031250e+01 4.968311309814453125e+01 4.922029495239257812e+01 7.199999690055847168e-01
5.535771942138671875e+01 5.301455307006835938e+01 5.116340255737304688e+01 4.974068069458007812e+01 4.926597213745117188e+01 7.299999594688415527e-01
5.542755508422851562e+01 5.310208129882812500e+01 5.122367477416992188e+01 4.980049514770507812e+01 4.931047821044921875e+01 7.400000095367431641e-01
5.544272613525390625e+01 5.313657760620117188e+01 5.123116683959960938e+01 4.982063293457031250e+01 4.931726074218750000e+01 7.500000000000000000e-01
5.551047515869140625e+01 5.322703170776367188e+01 5.128437805175781250e+01 4.988364028930664062e+01 4.936174392700195312e+01 7.599999904632568359e-01
5.557568740844726562e+01 5.331970977783203125e+01 5.133689117431640625e+01 4.994705963134765625e+01 4.940751266479492188e+01 7.699999809265136719e-01
5.564157104492187500e+01 5.341265106201171875e+01 5.138627624511718750e+01 5.001030349731445312e+01 4.945211410522460938e+01 7.799999713897705078e-01
5.570604324340820312e+01 5.350504684448242188e+01 5.143350219726562500e+01 5.007459640502929688e+01 4.949662399291992188e+01 7.899999618530273438e-01
5.570748901367187500e+01 5.353390884399414062e+01 5.143167877197265625e+01 5.009629440307617188e+01 4.950378417968750000e+01 7.999999523162841797e-01
5.577153396606445312e+01 5.362569046020507812e+01 5.148164367675781250e+01 5.016215896606445312e+01 4.954562759399414062e+01 8.100000023841857910e-01
5.583300018310546875e+01 5.371667480468750000e+01 5.153259277343750000e+01 5.022889709472656250e+01 4.959062957763671875e+01 8.199999928474426270e-01
5.589241027832031250e+01 5.380658721923828125e+01 5.158480072021484375e+01 5.029585266113281250e+01 4.963488769531250000e+01 8.299999833106994629e-01
5.594805526733398438e+01 5.389775085449218750e+01 5.163469314575195312e+01 5.036216354370117188e+01 4.967094421386718750e+01 8.399999737739562988e-01
5.594710922241210938e+01 5.392469406127929688e+01 5.163636779785156250e+01 5.038335418701171875e+01 4.967475128173828125e+01 8.499999642372131348e-01
5.599748611450195312e+01 5.401896667480468750e+01 5.169136047363281250e+01 5.045013809204101562e+01 4.972184753417968750e+01 8.599999547004699707e-01
5.604190826416015625e+01 5.411496353149414062e+01 5.174793243408203125e+01 5.051539230346679688e+01 4.976882934570312500e+01 8.700000047683715820e-01
5.608662796020507812e+01 5.421546173095703125e+01 5.180576324462890625e+01 5.057899093627929688e+01 4.981501007080078125e+01 8.799999952316284180e-01
5.613134384155273438e+01 5.432016754150390625e+01 5.186353683471679688e+01 5.064076995849609375e+01 4.985952377319335938e+01 8.899999856948852539e-01
5.617458724975585938e+01 5.442124176025390625e+01 5.191794967651367188e+01 5.070154571533203125e+01 4.990249252319335938e+01 8.999999761581420898e-01
5.617261505126953125e+01 5.444292449951171875e+01 5.191615676879882812e+01 5.071048355102539062e+01 4.990573120117187500e+01 9.099999666213989258e-01
5.621230697631835938e+01 5.452542877197265625e+01 5.196705627441406250e+01 5.076884078979492188e+01 4.995283889770507812e+01 9.199999570846557617e-01
5.624940109252929688e+01 5.460173034667968750e+01 5.202005386352539062e+01 5.082825851440429688e+01 4.999952697753906250e+01 9.300000071525573730e-01
5.628655624389648438e+01 5.467066955566406250e+01 5.207478713989257812e+01 5.088489913940429688e+01 5.004674148559570312e+01 9.399999976158142090e-01
5.632169342041015625e+01 5.473693084716796875e+01 5.213117218017578125e+01 5.094047546386718750e+01 5.009225082397460938e+01 9.499999880790710449e-01
5.631570816040039062e+01 5.471081161499023438e+01 5.212865829467773438e+01 5.094097518920898438e+01 5.008823776245117188e+01 9.599999785423278809e-01
5.634984970092773438e+01 5.476406860351562500e+01 5.218573760986328125e+01 5.099575805664062500e+01 5.013638305664062500e+01 9.699999690055847168e-01
5.638577651977539062e+01 5.481772994995117188e+01 5.224243927001953125e+01 5.105332565307617188e+01 5.018466949462890625e+01 9.799999594688415527e-01
5.642150497436523438e+01 5.487140655517578125e+01 5.230012512207031250e+01 5.110946273803710938e+01 5.023123168945312500e+01 9.899999499320983887e-01
5.645666885375976562e+01 5.492690277099609375e+01 5.235783767700195312e+01 5.116477203369140625e+01 5.027629852294921875e+01 1.000000000000000000e+00
5.649053573608398438e+01 5.498664474487304688e+01 5.241775512695312500e+01 5.122052764892578125e+01 5.032339859008789062e+01 1.009999990463256836e+00
5.652595520019531250e+01 5.504983139038085938e+01 5.247869110107421875e+01 5.127641296386718750e+01 5.037874603271484375e+01 1.019999980926513672e+00
5.649593734741210938e+01 5.502736663818359375e+01 5.246932983398437500e+01 5.126669311523437500e+01 5.036328125000000000e+01 1.029999971389770508e+00
5.652775573730468750e+01 5.510262680053710938e+01 5.252853393554687500e+01 5.132105255126953125e+01 5.042031097412109375e+01 1.039999961853027344e+00
5.656014633178710938e+01 5.518188858032226562e+01 5.258705902099609375e+01 5.137711715698242188e+01 5.046951293945312500e+01 1.049999952316284180e+00
5.659459304809570312e+01 5.527228546142578125e+01 5.264609909057617188e+01 5.143475341796875000e+01 5.052626037597656250e+01 1.059999942779541016e+00
5.661132431030273438e+01 5.534678649902343750e+01 5.269125366210937500e+01 5.147611999511718750e+01 5.056697463989257812e+01 1.069999933242797852e+00
5.664319610595703125e+01 5.543412780761718750e+01 5.275418853759765625e+01 5.153436660766601562e+01 5.062155532836914062e+01 1.079999923706054688e+00
5.663723373413085938e+01 5.542596817016601562e+01 5.275837707519531250e+01 5.153664016723632812e+01 5.062959671020507812e+01 1.090000033378601074e+00
5.666558456420898438e+01 5.549235916137695312e+01 5.282364654541015625e+01 5.158751296997070312e+01 5.068276977539062500e+01 1.100000023841857910e+00
5.669174575805664062e+01 5.555060958862304688e+01 5.288704681396484375e+01 5.163017654418945312e+01 5.074174499511718750e+01 1.110000014305114746e+00
5.671767044067382812e+01 5.560493850708007812e+01 5.294909286499023438e+01 5.166816329956054688e+01 5.079404067993164062e+01 1.120000004768371582e+00
5.673825073242187500e+01 5.565554809570312500e+01 5.300896072387695312e+01 5.170362854003906250e+01 5.084767532348632812e+01 1.129999995231628418e+00
5.676333999633789062e+01 5.570559692382812500e+01 5.306787872314453125e+01 5.174031448364257812e+01 5.090075683593750000e+01 1.139999985694885254e+00
5.678879165649414062e+01 5.575583267211914062e+01 5.312773132324218750e+01 5.177808380126953125e+01 5.095578765869140625e+01 1.149999976158142090e+00
5.681266784667968750e+01 5.580144882202148438e+01 5.318854904174804688e+01 5.181458663940429688e+01 5.100353622436523438e+01 1.159999966621398926e+00
5.678239822387695312e+01 5.573381042480468750e+01 5.317266082763671875e+01 5.178113174438476562e+01 5.098101806640625000e+01 1.169999957084655762e+00
5.680765533447265625e+01 5.577291107177734375e+01 5.323583602905273438e+01 5.181620025634765625e+01 5.103142166137695312e+01 1.179999947547912598e+00
5.683144378662109375e+01 5.581049728393554688e+01 5.330139923095703125e+01 5.184927368164062500e+01 5.107488632202148438e+01 1.189999938011169434e+00
5.684094619750976562e+01 5.583604431152343750e+01 5.335667419433593750e+01 5.187188720703125000e+01 5.111148452758789062e+01 1.199999928474426270e+00
5.686473464965820312e+01 5.587564849853515625e+01 5.342391204833984375e+01 5.190856552124023438e+01 5.114997100830078125e+01 1.209999918937683105e+00
5.690222549438476562e+01 5.593010711669921875e+01 5.350384140014648438e+01 5.195749282836914062e+01 5.120831680297851562e+01 1.220000028610229492e+00
5.692849731445312500e+01 5.597552871704101562e+01 5.357155990600585938e+01 5.199337005615234375e+01 5.125548553466796875e+01 1.230000019073486328e+00
5.687918090820312500e+01 5.590103912353515625e+01 5.355233764648437500e+01 5.195661926269531250e+01 5.123719787597656250e+01 1.240000009536743164e+00
5.690415954589843750e+01 5.594921875000000000e+01 5.361832427978515625e+01 5.199291229248046875e+01 5.128304672241210938e+01 1.250000000000000000e+00
5.692696380615234375e+01 5.599629211425781250e+01 5.368597030639648438e+01 5.203162765502929688e+01 5.133065795898437500e+01 1.259999990463256836e+00
5.694823455810546875e+01 5.604067993164062500e+01 5.375231552124023438e+01 5.207215881347656250e+01 5.137645339965820312e+01 1.269999980926513672e+00
5.697259140014648438e+01 5.607872772216796875e+01 5.382082748413085938e+01 5.211423110961914062e+01 5.142226791381835938e+01 1.279999971389770508e+00
5.699719238281250000e+01 5.611447525024414062e+01 5.388966751098632812e+01 5.215686035156250000e+01 5.146969985961914062e+01 1.289999961853027344e+00
5.702106475830078125e+01 5.614689636230468750e+01 5.395846939086914062e+01 5.219868850708007812e+01 5.151716613769531250e+01 1.299999952316284180e+00
5.704369354248046875e+01 5.617890548706054688e+01 5.402965545654296875e+01 5.223872756958007812e+01 5.156620025634765625e+01 1.309999942779541016e+00
5.706588363647460938e+01 5.621141052246093750e+01 5.410212326049804688e+01 5.227729797363281250e+01 5.160984802246093750e+01 1.319999933242797852e+00
5.695763778686523438e+01 5.609235000610351562e+01 5.407321548461914062e+01 5.222527313232421875e+01 5.157155990600585938e+01 1.329999923706054688e+00
5.697793579101562500e+01 5.612620925903320312e+01 5.415044784545898438e+01 5.226066970825195312e+01 5.161573028564453125e+01 1.339999914169311523e+00
5.699925613403320312e+01 5.616056442260742188e+01 5.423138427734375000e+01 5.229634094238281250e+01 5.166448974609375000e+01 1.350000023841857910e+00
5.702042770385742188e+01 5.619772720336914062e+01 5.431261062622070312e+01 5.233367156982421875e+01 5.171426773071289062e+01 1.360000014305114746e+00
5.704023361206054688e+01 5.623810958862304688e+01 5.439311218261718750e+01 5.237140655517578125e+01 5.176697921752929688e+01 1.370000004768371582e+00
5.706276702880859375e+01 5.628136062622070312e+01 5.446812438964843750e+01 5.240897369384765625e+01 5.181816482543945312e+01 1.379999995231628418e+00
5.708459472656250000e+01 5.632701110839843750e+01 5.453764343261718750e+01 5.244667816162109375e+01 5.186067199707031250e+01 1.389999985694885254e+00
5.710531234741210938e+01 5.637459182739257812e+01 5.460166549682617188e+01 5.248435974121093750e+01 5.188008117675781250e+01 1.399999976158142090e+00
5.712717819213867188e+01 5.642203140258789062e+01 5.465749359130859375e+01 5.252220535278320312e+01 5.191446685791015625e+01 1.409999966621398926e+00
5.708103179931640625e+01 5.633673095703125000e+01 5.460070037841796875e+01 5.247097015380859375e+01 5.184023666381835938e+01 1.419999957084655762e+00
5.710139465332031250e+01 5.638459396362304688e+01 5.464869308471679688e+01 5.251046371459960938e+01 5.187434768676757812e+01 1.429999947547912598e+00
5.712301254272460938e+01 5.643303298950195312e+01 5.469251632690429688e+01 5.255227661132812500e+01 5.190555572509765625e+01 1.439999938011169434e+00
5.714456176757812500e+01 5.648242568969726562e+01 5.472711944580078125e+01 5.259505081176757812e+01 5.193122863769531250e+01 1.449999928474426270e+00
5.716521453857421875e+01 5.653216552734375000e+01 5.476053619384765625e+01 5.263955307006835938e+01 5.196149444580078125e+01 1.459999918937683105e+00
5.718399429321289062e+01 5.658227157592773438e+01 5.479449844360351562e+01 5.268466186523437500e+01 5.199479675292968750e+01 1.469999909400939941e+00
5.720349502563476562e+01 5.663265228271484375e+01 5.482861709594726562e+01 5.273052215576171875e+01 5.201940536499023438e+01 1.480000019073486328e+00
5.722258377075195312e+01 5.668356323242187500e+01 5.486333465576171875e+01 5.277643966674804688e+01 5.204473876953125000e+01 1.490000009536743164e+00
5.724112701416015625e+01 5.673588180541992188e+01 5.489890670776367188e+01 5.282351684570312500e+01 5.208056640625000000e+01 1.500000000000000000e+00
5.725831604003906250e+01 5.678871917724609375e+01 5.493724060058593750e+01 5.287170410156250000e+01 5.211065292358398438e+01 1.509999990463256836e+00
5.723040390014648438e+01 5.671699142456054688e+01 5.484992599487304688e+01 5.282422637939453125e+01 5.205662155151367188e+01 1.519999980926513672e+00
5.725097274780273438e+01 5.677214813232421875e+01 5.489415359497070312e+01 5.287403869628906250e+01 5.208640289306640625e+01 1.529999971389770508e+00
5.726888656616210938e+01 5.682667160034179688e+01 5.493963241577148438e+01 5.292554092407226562e+01 5.211403656005859375e+01 1.539999961853027344e+00
5.728784561157226562e+01 5.688164138793945312e+01 5.499207305908203125e+01 5.297658920288085938e+01 5.214066696166992188e+01 1.549999952316284180e+00
5.730179595947265625e+01 5.693535995483398438e+01 5.504956817626953125e+01 5.302678298950195312e+01 5.217212295532226562e+01 1.559999942779541016e+00
5.731995010375976562e+01 5.699034500122070312e+01 5.510858917236328125e+01 5.307470321655273438e+01 5.220403289794921875e+01 1.569999933242797852e+00
5.733937454223632812e+01 5.704577255249023438e+01 5.517270278930664062e+01 5.311894226074218750e+01 5.223797607421875000e+01 1.579999923706054688e+00
5.735778045654296875e+01 5.710056304931640625e+01 5.523405456542968750e+01 5.316147613525390625e+01 5.227371597290039062e+01 1.589999914169311523e+00
5.737850570678710938e+01 5.715684509277343750e+01 5.529330444335937500e+01 5.320216751098632812e+01 5.231314849853515625e+01 1.599999904632568359e+00
5.739767456054687500e+01 5.721255493164062500e+01 5.534418869018554688e+01 5.324292373657226562e+01 5.234628295898437500e+01 1.610000014305114746e+00
5.741734313964843750e+01 5.727006149291992188e+01 5.538710784912109375e+01 5.328396224975585938e+01 5.237994766235351562e+01 1.620000004768371582e+00
5.737287521362304688e+01 5.714515686035156250e+01 5.516156768798828125e+01 5.312362289428710938e+01 5.223263931274414062e+01 1.629999995231628418e+00
5.739396667480468750e+01 5.720561218261718750e+01 5.519312667846679688e+01 5.316689682006835938e+01 5.226209259033203125e+01 1.639999985694885254e+00
5.741640090942382812e+01 5.726045227050781250e+01 5.522230148315429688e+01 5.321217727661132812e+01 5.228962326049804688e+01 1.649999976158142090e+00
5.743834304809570312e+01 5.730965423583984375e+01 5.525077056884765625e+01 5.325804519653320312e+01 5.231480407714843750e+01 1.659999966621398926e+00
5.745907211303710938e+01 5.735326766967773438e+01 5.528223037719726562e+01 5.330664825439453125e+01 5.234421157836914062e+01 1.669999957084655762e+00
5.747983932495117188e+01 5.739276123046875000e+01 5.531318664550781250e+01 5.335616683959960938e+01 5.237835311889648438e+01 1.679999947547912598e+00
5.749936294555664062e+01 5.742929077148437500e+01 5.534444427490234375e+01 5.340647125244140625e+01 5.241202926635742188e+01 1.689999938011169434e+00
5.752101898193359375e+01 5.746253204345703125e+01 5.537345886230468750e+01 5.345677185058593750e+01 5.244223022460937500e+01 1.699999928474426270e+00
5.754229736328125000e+01 5.749380493164062500e+01 5.540076446533203125e+01 5.350852203369140625e+01 5.247389984130859375e+01 1.709999918937683105e+00
5.756348037719726562e+01 5.752406692504882812e+01 5.542523956298828125e+01 5.356005477905273438e+01 5.250458526611328125e+01 1.719999909400939941e+00
5.752329254150390625e+01 5.748424911499023438e+01 5.535301589965820312e+01 5.352946090698242188e+01 5.246264648437500000e+01 1.730000019073486328e+00
5.754455184936523438e+01 5.751385116577148438e+01 5.537771987915039062e+01 5.358174133300781250e+01 5.249002838134765625e+01 1.740000009536743164e+00
5.756531906127929688e+01 5.754357910156250000e+01 5.540305328369140625e+01 5.363422012329101562e+01 5.251708984375000000e+01 1.750000000000000000e+00
5.758415603637695312e+01 5.757273101806640625e+01 5.543136978149414062e+01 5.368724060058593750e+01 5.254759597778320312e+01 1.759999990463256836e+00
5.759939575195312500e+01 5.760135269165039062e+01 5.546122741699218750e+01 5.374108886718750000e+01 5.258155822753906250e+01 1.769999980926513672e+00
5.761283874511718750e+01 5.762922668457031250e+01 5.549314117431640625e+01 5.379425048828125000e+01 5.261656188964843750e+01 1.779999971389770508e+00
5.762922668457031250e+01 5.765589523315429688e+01 5.552896118164062500e+01 5.384816741943359375e+01 5.264965057373046875e+01 1.789999961853027344e+00
5.761706924438476562e+01 5.765834045410156250e+01 5.552022171020507812e+01 5.386528778076171875e+01 5.265937805175781250e+01 1.799999952316284180e+00
5.763245773315429688e+01 5.768345642089843750e+01 5.555685424804687500e+01 5.391878890991210938e+01 5.269793701171875000e+01 1.809999942779541016e+00
5.764853286743164062e+01 5.770695114135742188e+01 5.559346771240234375e+01 5.397144699096679688e+01 5.273027801513671875e+01 1.819999933242797852e+00
5.766225051879882812e+01 5.772888565063476562e+01 5.562692642211914062e+01 5.402653503417968750e+01 5.276365280151367188e+01 1.829999923706054688e+00
5.767610549926757812e+01 5.774962997436523438e+01 5.565679550170898438e+01 5.408125305175781250e+01 5.280520629882812500e+01 1.839999914169311523e+00
5.757124328613281250e+01 5.761933517456054688e+01 5.556982421875000000e+01 5.406036758422851562e+01 5.278490066528320312e+01 1.849999904632568359e+00
5.758678054809570312e+01 5.763894653320312500e+01 5.559411621093750000e+01 5.411865997314453125e+01 5.283238601684570312e+01 1.860000014305114746e+00
5.759867095947265625e+01 5.765846252441406250e+01 5.561758422851562500e+01 5.417998123168945312e+01 5.287628173828125000e+01 1.870000004768371582e+00
5.761130905151367188e+01 5.767769241333007812e+01 5.563991165161132812e+01 5.424098587036132812e+01 5.291870880126953125e+01 1.879999995231628418e+00
5.762619781494140625e+01 5.769676971435546875e+01 5.566210174560546875e+01 5.430089569091796875e+01 5.296087265014648438e+01 1.889999985694885254e+00
5.763950729370117188e+01 5.771546936035156250e+01 5.568428421020507812e+01 5.435841369628906250e+01 5.300674057006835938e+01 1.899999976158142090e+00
5.767309188842773438e+01 5.774716949462890625e+01 5.560585021972656250e+01 5.433351898193359375e+01 5.298227691650390625e+01 1.909999966621398926e+00
5.768674087524414062e+01 5.776733398437500000e+01 5.562948226928710938e+01 5.438447189331054688e+01 5.302310562133789062e+01 1.919999957084655762e+00
5.770008468627929688e+01 5.778650665283203125e+01 5.565465927124023438e+01 5.443192291259765625e+01 5.305674743652343750e+01 1.929999947547912598e+00
5.771187210083007812e+01 5.780522918701171875e+01 5.567980957031250000e+01 5.447664642333984375e+01 5.308835983276367188e+01 1.939999938011169434e+00
5.772276306152343750e+01 5.782296371459960938e+01 5.570786285400390625e+01 5.452026748657226562e+01 5.312336730957031250e+01 1.949999928474426270e+00
5.773549652099609375e+01 5.784001159667968750e+01 5.573900604248046875e+01 5.456306076049804688e+01 5.315776443481445312e+01 1.959999918937683105e+00
5.776826095581054688e+01 5.785942840576171875e+01 5.565981674194335938e+01 5.450924682617187500e+01 5.311524963378906250e+01 1.969999909400939941e+00
5.778285217285156250e+01 5.787647628784179688e+01 5.569474792480468750e+01 5.453710937500000000e+01 5.314545059204101562e+01 1.979999899864196777e+00
5.779638671875000000e+01 5.789305114746093750e+01 5.573289108276367188e+01 5.456156539916992188e+01 5.318034744262695312e+01 1.990000009536743164e+00
5.781019210815429688e+01 5.790927124023437500e+01 5.577085113525390625e+01 5.458419036865234375e+01 5.321720886230468750e+01 2.000000000000000000e+00
5.782414245605468750e+01 5.792523193359375000e+01 5.580882644653320312e+01 5.460810470581054688e+01 5.324755096435546875e+01 2.009999990463256836e+00
5.783712005615234375e+01 5.794112396240234375e+01 5.584760665893554688e+01 5.463425445556640625e+01 5.327963256835937500e+01 2.019999980926513672e+00
5.786531066894531250e+01 5.797373580932617188e+01 5.577118301391601562e+01 5.456951522827148438e+01 5.324001312255859375e+01 2.029999971389770508e+00
5.787725448608398438e+01 5.799146652221679688e+01 5.580894470214843750e+01 5.459312057495117188e+01 5.328066635131835938e+01 2.039999961853027344e+00
5.788895034790039062e+01 5.800917816162109375e+01 5.584853744506835938e+01 5.462168884277343750e+01 5.332565307617187500e+01 2.049999952316284180e+00
5.790143585205078125e+01 5.802640533447265625e+01 5.588922500610351562e+01 5.464959716796875000e+01 5.337100601196289062e+01 2.059999942779541016e+00
5.791150665283203125e+01 5.804293823242187500e+01 5.592967224121093750e+01 5.468028640747070312e+01 5.341537857055664062e+01 2.069999933242797852e+00
5.792251968383789062e+01 5.805908584594726562e+01 5.597190093994140625e+01 5.471585464477539062e+01 5.345933151245117188e+01 2.079999923706054688e+00
5.793352508544921875e+01 5.807446289062500000e+01 5.601326751708984375e+01 5.475297927856445312e+01 5.350290298461914062e+01 2.089999914169311523e+00
5.797628402709960938e+01 5.813311004638671875e+01 5.592525863647460938e+01 5.469602966308593750e+01 5.346482467651367188e+01 2.099999904632568359e+00
5.798846054077148438e+01 5.814938354492187500e+01 5.596749114990234375e+01 5.473775482177734375e+01 5.350711441040039062e+01 2.109999895095825195e+00
5.799856567382812500e+01 5.816518402099609375e+01 5.601110076904296875e+01 5.478082656860351562e+01 5.355035781860351562e+01 2.119999885559082031e+00
5.800390243530273438e+01 5.817484283447265625e+01 5.605184555053710938e+01 5.482036972045898438e+01 5.358594512939453125e+01 2.129999876022338867e+00
5.801409912109375000e+01 5.818956375122070312e+01 5.609825134277343750e+01 5.486831665039062500e+01 5.363126373291015625e+01 2.139999866485595703e+00
5.802454757690429688e+01 5.820376586914062500e+01 5.614638900756835938e+01 5.491382217407226562e+01 5.367709350585937500e+01 2.149999856948852539e+00
5.803562164306640625e+01 5.821750640869140625e+01 5.619443511962890625e+01 5.496001815795898438e+01 5.372461700439453125e+01 2.159999847412109375e+00
5.804599761962890625e+01 5.823118972778320312e+01 5.624278259277343750e+01 5.499826812744140625e+01 5.377259445190429688e+01 2.169999837875366211e+00
5.810244750976562500e+01 5.826978302001953125e+01 5.614233398437500000e+01 5.491907119750976562e+01 5.373675155639648438e+01 2.180000066757202148e+00
5.811518096923828125e+01 5.828404235839843750e+01 5.619202804565429688e+01 5.494422149658203125e+01 5.377994918823242188e+01 2.190000057220458984e+00
5.812607574462890625e+01 5.829762649536132812e+01 5.624125671386718750e+01 5.496372985839843750e+01 5.382496261596679688e+01 2.200000047683715820e+00
5.813903045654296875e+01 5.831060791015625000e+01 5.629090499877929688e+01 5.498160552978515625e+01 5.386907577514648438e+01 2.210000038146972656e+00
5.815207672119140625e+01 5.832315826416015625e+01 5.634053039550781250e+01 5.499982452392578125e+01 5.391469192504882812e+01 2.220000028610229492e+00
5.816472625732421875e+01 5.833524703979492188e+01 5.639220428466796875e+01 5.501676177978515625e+01 5.396020126342773438e+01 2.230000019073486328e+00
5.817873382568359375e+01 5.834707641601562500e+01 5.644583892822265625e+01 5.503476333618164062e+01 5.400632476806640625e+01 2.240000009536743164e+00
5.823322677612304688e+01 5.840830230712890625e+01 5.633281326293945312e+01 5.492745208740234375e+01 5.395594024658203125e+01 2.250000000000000000e+00
5.824550628662109375e+01 5.842081451416015625e+01 5.638814926147460938e+01 5.494401550292968750e+01 5.400691604614257812e+01 2.259999990463256836e+00
5.825880050659179688e+01 5.843253326416015625e+01 5.644662857055664062e+01 5.496087265014648438e+01 5.405286026000976562e+01 2.269999980926513672e+00
5.827255249023437500e+01 5.844390106201171875e+01 5.650744628906250000e+01 5.497708511352539062e+01 5.409528732299804688e+01 2.279999971389770508e+00
5.828704833984375000e+01 5.845458602905273438e+01 5.656834030151367188e+01 5.498891830444335938e+01 5.413528060913085938e+01 2.289999961853027344e+00
5.830145645141601562e+01 5.846490859985351562e+01 5.662818527221679688e+01 5.499907684326171875e+01 5.418086624145507812e+01 2.299999952316284180e+00
5.831693649291992188e+01 5.847471618652343750e+01 5.668466567993164062e+01 5.500768280029296875e+01 5.422753906250000000e+01 2.309999942779541016e+00
5.833180999755859375e+01 5.848395156860351562e+01 5.673936462402343750e+01 5.501662445068359375e+01 5.426585769653320312e+01 2.319999933242797852e+00
5.833921432495117188e+01 5.853802108764648438e+01 5.660235214233398438e+01 5.489023208618164062e+01 5.418163299560546875e+01 2.329999923706054688e+00
5.835410308837890625e+01 5.854678726196289062e+01 5.664994812011718750e+01 5.490291595458984375e+01 5.422246551513671875e+01 2.339999914169311523e+00
5.837081527709960938e+01 5.855495452880859375e+01 5.669704055786132812e+01 5.491653823852539062e+01 5.426702499389648438e+01 2.349999904632568359e+00
5.838798522949218750e+01 5.856280899047851562e+01 5.674216461181640625e+01 5.493218994140625000e+01 5.431258010864257812e+01 2.359999895095825195e+00
5.840466690063476562e+01 5.857071304321289062e+01 5.678705978393554688e+01 5.495064544677734375e+01 5.434695816040039062e+01 2.369999885559082031e+00
5.840784072875976562e+01 5.856418609619140625e+01 5.678281784057617188e+01 5.494036865234375000e+01 5.434336853027343750e+01 2.379999876022338867e+00
5.841967773437500000e+01 5.856732940673828125e+01 5.682009124755859375e+01 5.495779037475585938e+01 5.434496307373046875e+01 2.389999866485595703e+00
5.843459701538085938e+01 5.857521057128906250e+01 5.686076354980468750e+01 5.498183822631835938e+01 5.435186386108398438e+01 2.399999856948852539e+00
5.845166778564453125e+01 5.858278274536132812e+01 5.690266799926757812e+01 5.500710296630859375e+01 5.437410354614257812e+01 2.409999847412109375e+00
5.846829223632812500e+01 5.859043502807617188e+01 5.694347000122070312e+01 5.503199005126953125e+01 5.440452194213867188e+01 2.419999837875366211e+00
5.844800949096679688e+01 5.855440139770507812e+01 5.682586669921875000e+01 5.494896697998046875e+01 5.434652709960937500e+01 2.429999828338623047e+00
5.847026443481445312e+01 5.856627273559570312e+01 5.687311553955078125e+01 5.497592544555664062e+01 5.437583160400390625e+01 2.440000057220458984e+00
5.848767089843750000e+01 5.857332992553710938e+01 5.691732025146484375e+01 5.499630737304687500e+01 5.439376831054687500e+01 2.450000047683715820e+00
5.850608444213867188e+01 5.858023452758789062e+01 5.696284103393554688e+01 5.501364135742187500e+01 5.440449523925781250e+01 2.460000038146972656e+00
5.852584075927734375e+01 5.858711624145507812e+01 5.700732040405273438e+01 5.502852630615234375e+01 5.442835235595703125e+01 2.470000028610229492e+00
5.854517364501953125e+01 5.859392547607421875e+01 5.705354690551757812e+01 5.504230880737304688e+01 5.445506668090820312e+01 2.480000019073486328e+00
5.856452941894531250e+01 5.860061264038085938e+01 5.709899902343750000e+01 5.505349349975585938e+01 5.447620391845703125e+01 2.490000009536743164e+00
5.858506393432617188e+01 5.860724639892578125e+01 5.714415359497070312e+01 5.506467819213867188e+01 5.450164031982421875e+01 2.500000000000000000e+00
5.860535812377929688e+01 5.861385345458984375e+01 5.718721389770507812e+01 5.507677841186523438e+01 5.453806304931640625e+01 2.509999990463256836e+00
5.862669754028320312e+01 5.862004852294921875e+01 5.722987747192382812e+01 5.508851623535156250e+01 5.457012939453125000e+01 2.519999980926513672e+00
5.856580734252929688e+01 5.854042816162109375e+01 5.684442901611328125e+01 5.480288696289062500e+01 5.435594558715820312e+01 2.529999971389770508e+00
5.858739852905273438e+01 5.854658889770507812e+01 5.688395309448242188e+01 5.481650543212890625e+01 5.439628982543945312e+01 2.539999961853027344e+00
5.860892105102539062e+01 5.855249786376953125e+01 5.692182159423828125e+01 5.483069229125976562e+01 5.443240737915039062e+01 2.549999952316284180e+00
5.863047027587890625e+01 5.855878829956054688e+01 5.695805358886718750e+01 5.484564590454101562e+01 5.445853042602539062e+01 2.559999942779541016e+00
5.865186691284179688e+01 5.856486129760742188e+01 5.699600982666015625e+01 5.486103057861328125e+01 5.449613952636718750e+01 2.569999933242797852e+00
5.867401504516601562e+01 5.857086563110351562e+01 5.703461456298828125e+01 5.487799835205078125e+01 5.453907775878906250e+01 2.579999923706054688e+00
5.869595718383789062e+01 5.857675933837890625e+01 5.707490921020507812e+01 5.489553070068359375e+01 5.457967376708984375e+01 2.589999914169311523e+00
5.871932601928710938e+01 5.858311080932617188e+01 5.711545181274414062e+01 5.491557693481445312e+01 5.460887908935546875e+01 2.599999904632568359e+00
5.874337387084960938e+01 5.858941650390625000e+01 5.715767669677734375e+01 5.493751907348632812e+01 5.463246154785156250e+01 2.609999895095825195e+00
5.876621627807617188e+01 5.859561920166015625e+01 5.720046997070312500e+01 5.496102905273437500e+01 5.464389419555664062e+01 2.619999885559082031e+00
5.878915786743164062e+01 5.860205841064453125e+01 5.724348068237304688e+01 5.498604965209960938e+01 5.464864349365234375e+01 2.629999876022338867e+00
5.881325912475585938e+01 5.860839843750000000e+01 5.728684997558593750e+01 5.501134109497070312e+01 5.465464019775390625e+01 2.639999866485595703e+00
5.883643722534179688e+01 5.861498641967773438e+01 5.732931518554687500e+01 5.503757858276367188e+01 5.466186904907226562e+01 2.649999856948852539e+00
5.885861206054687500e+01 5.862150192260742188e+01 5.737279129028320312e+01 5.506321334838867188e+01 5.467267608642578125e+01 2.659999847412109375e+00
5.888248443603515625e+01 5.862807846069335938e+01 5.741553115844726562e+01 5.508906173706054688e+01 5.468690490722656250e+01 2.669999837875366211e+00
5.890757369995117188e+01 5.863449859619140625e+01 5.745797348022460938e+01 5.511381912231445312e+01 5.470233154296875000e+01 2.679999828338623047e+00
5.832146072387695312e+01 5.803345489501953125e+01 5.695037460327148438e+01 5.480618286132812500e+01 5.443745803833007812e+01 2.690000057220458984e+00
5.834546279907226562e+01 5.803928756713867188e+01 5.698787307739257812e+01 5.482973480224609375e+01 5.444857788085937500e+01 2.700000047683715820e+00
5.836832809448242188e+01 5.804510116577148438e+01 5.702390670776367188e+01 5.485362625122070312e+01 5.446063995361328125e+01 2.710000038146972656e+00
5.839324188232421875e+01 5.805128860473632812e+01 5.705920791625976562e+01 5.487909317016601562e+01 5.447486877441406250e+01 2.720000028610229492e+00
5.841545867919921875e+01 5.805714416503906250e+01 5.709446334838867188e+01 5.490379714965820312e+01 5.448212051391601562e+01 2.730000019073486328e+00
5.843831253051757812e+01 5.806329727172851562e+01 5.712916183471679688e+01 5.493075180053710938e+01 5.449169158935546875e+01 2.740000009536743164e+00
5.846157836914062500e+01 5.806927490234375000e+01 5.716589355468750000e+01 5.495694732666015625e+01 5.449867248535156250e+01 2.750000000000000000e+00
5.848622131347656250e+01 5.807555770874023438e+01 5.720201492309570312e+01 5.498370742797851562e+01 5.450089645385742188e+01 2.759999990463256836e+00
5.850986862182617188e+01 5.808197784423828125e+01 5.724050140380859375e+01 5.500966262817382812e+01 5.450248336791992188e+01 2.769999980926513672e+00
5.853470611572265625e+01 5.808868789672851562e+01 5.727851104736328125e+01 5.503650283813476562e+01 5.450427627563476562e+01 2.779999971389770508e+00
5.855835723876953125e+01 5.809508514404296875e+01 5.731863021850585938e+01 5.506501007080078125e+01 5.452297592163085938e+01 2.789999961853027344e+00
5.858169555664062500e+01 5.810182189941406250e+01 5.735932540893554688e+01 5.509358978271484375e+01 5.453505706787109375e+01 2.799999952316284180e+00
5.860541152954101562e+01 5.810839462280273438e+01 5.740155410766601562e+01 5.512299728393554688e+01 5.454283142089843750e+01 2.809999942779541016e+00
5.862841033935546875e+01 5.811454391479492188e+01 5.744336700439453125e+01 5.515174865722656250e+01 5.454996490478515625e+01 2.819999933242797852e+00
5.865139007568359375e+01 5.812112808227539062e+01 5.748435211181640625e+01 5.518177795410156250e+01 5.455877685546875000e+01 2.829999923706054688e+00
5.867456817626953125e+01 5.812763595581054688e+01 5.752494430541992188e+01 5.521045303344726562e+01 5.456902694702148438e+01 2.839999914169311523e+00
5.867802810668945312e+01 5.819548034667968750e+01 5.727006149291992188e+01 5.489323806762695312e+01 5.430787277221679688e+01 2.849999904632568359e+00
5.869869613647460938e+01 5.820186233520507812e+01 5.731802368164062500e+01 5.491938400268554688e+01 5.432663726806640625e+01 2.859999895095825195e+00
5.871941375732421875e+01 5.820797729492187500e+01 5.736274337768554688e+01 5.494622802734375000e+01 5.434666061401367188e+01 2.869999885559082031e+00
5.874066543579101562e+01 5.821379852294921875e+01 5.740894699096679688e+01 5.497338104248046875e+01 5.436545562744140625e+01 2.879999876022338867e+00
5.876213836669921875e+01 5.821987152099609375e+01 5.745581054687500000e+01 5.499988937377929688e+01 5.438319778442382812e+01 2.889999866485595703e+00
5.878236007690429688e+01 5.822549819946289062e+01 5.750254821777343750e+01 5.502797317504882812e+01 5.439828109741210938e+01 2.899999856948852539e+00
5.880082702636718750e+01 5.823096466064453125e+01 5.755008697509765625e+01 5.505506134033203125e+01 5.441336441040039062e+01 2.909999847412109375e+00
5.881792068481445312e+01 5.823712539672851562e+01 5.759709930419921875e+01 5.508325195312500000e+01 5.442785263061523438e+01 2.919999837875366211e+00
5.883443450927734375e+01 5.824257278442382812e+01 5.764563751220703125e+01 5.511132431030273438e+01 5.443589782714843750e+01 2.929999828338623047e+00
5.885177993774414062e+01 5.824821472167968750e+01 5.769436645507812500e+01 5.514097976684570312e+01 5.444479751586914062e+01 2.939999818801879883e+00
5.887078857421875000e+01 5.825434494018554688e+01 5.774310684204101562e+01 5.517103958129882812e+01 5.445410919189453125e+01 2.950000047683715820e+00
5.889122009277343750e+01 5.826050567626953125e+01 5.778944778442382812e+01 5.520213317871093750e+01 5.446096038818359375e+01 2.960000038146972656e+00
5.891144943237304688e+01 5.826644134521484375e+01 5.783644104003906250e+01 5.523342132568359375e+01 5.446695709228515625e+01 2.970000028610229492e+00
5.893149185180664062e+01 5.827323532104492188e+01 5.788200378417968750e+01 5.526663589477539062e+01 5.447223281860351562e+01 2.980000019073486328e+00
5.895006561279296875e+01 5.827961349487304688e+01 5.792563247680664062e+01 5.530071258544921875e+01 5.448162841796875000e+01 2.990000009536743164e+00
5.896776962280273438e+01 5.828654098510742188e+01 5.796643066406250000e+01 5.533441925048828125e+01 5.449148559570312500e+01 3.000000000000000000e+00
5.898699569702148438e+01 5.829318618774414062e+01 5.800663375854492188e+01 5.536966705322265625e+01 5.449737167358398438e+01 3.009999990463256836e+00
5.954347991943359375e+01 5.884514999389648438e+01 5.802139282226562500e+01 5.501245880126953125e+01 5.421846389770507812e+01 3.019999980926513672e+00
5.956349182128906250e+01 5.885350418090820312e+01 5.808106231689453125e+01 5.504370498657226562e+01 5.423176956176757812e+01 3.029999971389770508e+00
5.958279037475585938e+01 5.886102676391601562e+01 5.814020156860351562e+01 5.507303619384765625e+01 5.423970031738281250e+01 3.039999961853027344e+00
5.960237884521484375e+01 5.886906051635742188e+01 5.819667816162109375e+01 5.510222244262695312e+01 5.424483489990234375e+01 3.049999952316284180e+00
5.962430191040039062e+01 5.887715911865234375e+01 5.825557708740234375e+01 5.513050079345703125e+01 5.425342178344726562e+01 3.059999942779541016e+00
5.964450073242187500e+01 5.888462448120117188e+01 5.831500625610351562e+01 5.515874099731445312e+01 5.426224899291992188e+01 3.069999933242797852e+00
5.966362762451171875e+01 5.889194488525390625e+01 5.837263870239257812e+01 5.518643951416015625e+01 5.427106094360351562e+01 3.079999923706054688e+00
5.968507766723632812e+01 5.890024566650390625e+01 5.842477798461914062e+01 5.521441268920898438e+01 5.428380203247070312e+01 3.089999914169311523e+00
5.970550537109375000e+01 5.890763473510742188e+01 5.847450637817382812e+01 5.524171829223632812e+01 5.429974746704101562e+01 3.099999904632568359e+00
