#     Mag U    Mag U    Mag U    Mag U    Mag U    Redshift
9.405565261840820312e+00 7.504570960998535156e+00 6.686796188354492188e+00 6.257668972015380859e+00 6.043156623840332031e+00 0.000000000000000000e+00
4.411716461181640625e+01 4.221929550170898438e+01 4.137841796875000000e+01 4.094856643676757812e+01 4.073509597778320312e+01 9.999999776482582092e-03
4.501990890502929688e+01 4.312744903564453125e+01 4.226257324218750000e+01 4.183396148681640625e+01 4.161938858032226562e+01 1.999999955296516418e-02
4.569945907592773438e+01 4.380331802368164062e+01 4.291416168212890625e+01 4.248482894897460938e+01 4.226369476318359375e+01 2.999999932944774628e-02
4.621472930908203125e+01 4.431403350830078125e+01 4.340319824218750000e+01 4.297394180297851562e+01 4.274816894531250000e+01 3.999999910593032837e-02
4.667220687866210938e+01 4.476179885864257812e+01 4.382683944702148438e+01 4.339490890502929688e+01 4.316414642333984375e+01 4.999999701976776123e-02
4.704058074951171875e+01 4.512095642089843750e+01 4.416791152954101562e+01 4.373123168945312500e+01 4.349298095703125000e+01 5.999999865889549255e-02
4.739177703857421875e+01 4.545631408691406250e+01 4.448917007446289062e+01 4.404454040527343750e+01 4.379837036132812500e+01 7.000000029802322388e-02
4.767966842651367188e+01 4.573561096191406250e+01 4.475242996215820312e+01 4.430060195922851562e+01 4.405105590820312500e+01 7.999999821186065674e-02
4.797300338745117188e+01 4.601600265502929688e+01 4.501128005981445312e+01 4.455150222778320312e+01 4.430020523071289062e+01 8.999999612569808960e-02
4.821445465087890625e+01 4.624939346313476562e+01 4.522254943847656250e+01 4.476005935668945312e+01 4.450359344482421875e+01 9.999999403953552246e-02
4.847386932373046875e+01 4.649128341674804688e+01 4.543894195556640625e+01 4.497543334960937500e+01 4.471460342407226562e+01 1.099999994039535522e-01
4.868773651123046875e+01 4.669382476806640625e+01 4.561651229858398438e+01 4.515470886230468750e+01 4.488654327392578125e+01 1.199999973177909851e-01
4.892653274536132812e+01 4.691198348999023438e+01 4.580715179443359375e+01 4.534197616577148438e+01 4.507004165649414062e+01 1.299999952316284180e-01
4.912439346313476562e+01 4.709101486206054688e+01 4.596165847778320312e+01 4.549256896972656250e+01 4.521839141845703125e+01 1.400000005960464478e-01
4.921553802490234375e+01 4.715575408935546875e+01 4.599719238281250000e+01 4.551881027221679688e+01 4.524421691894531250e+01 1.499999910593032837e-01
4.953133010864257812e+01 4.745450973510742188e+01 4.626646423339843750e+01 4.577985382080078125e+01 4.550970458984375000e+01 1.599999964237213135e-01
4.974327468872070312e+01 4.763825225830078125e+01 4.641793441772460938e+01 4.592089462280273438e+01 4.565613174438476562e+01 1.700000017881393433e-01
4.994874191284179688e+01 4.781471252441406250e+01 4.656427764892578125e+01 4.605563354492187500e+01 4.579527282714843750e+01 1.799999922513961792e-01
5.010742568969726562e+01 4.795718002319335938e+01 4.667939376831054688e+01 4.616181945800781250e+01 4.590509796142578125e+01 1.899999976158142090e-01
5.029979705810546875e+01 4.812549209594726562e+01 4.681515502929687500e+01 4.628748321533203125e+01 4.603045654296875000e+01 1.999999880790710449e-01
5.045060348510742188e+01 4.825912094116210938e+01 4.691837310791015625e+01 4.638317871093750000e+01 4.612738418579101562e+01 2.099999934434890747e-01
5.063446426391601562e+01 4.841983795166015625e+01 4.704317092895507812e+01 4.649814224243164062e+01 4.624406433105468750e+01 2.199999988079071045e-01
5.077308654785156250e+01 4.854430389404296875e+01 4.713591766357421875e+01 4.658484268188476562e+01 4.632992553710937500e+01 2.299999892711639404e-01
5.095422744750976562e+01 4.869598007202148438e+01 4.725359725952148438e+01 4.669257736206054688e+01 4.643654632568359375e+01 2.399999946355819702e-01
5.113162994384765625e+01 4.884143447875976562e+01 4.736838531494140625e+01 4.679698562622070312e+01 4.654156875610351562e+01 2.500000000000000000e-01
5.126829910278320312e+01 4.894777679443359375e+01 4.745230865478515625e+01 4.687288665771484375e+01 4.662133789062500000e+01 2.599999904632568359e-01
5.136726760864257812e+01 4.901146316528320312e+01 4.748947143554687500e+01 4.689815902709960938e+01 4.665026473999023438e+01 2.699999809265136719e-01
5.160903549194335938e+01 4.921722030639648438e+01 4.767111968994140625e+01 4.706769180297851562e+01 4.682354736328125000e+01 2.800000011920928955e-01
5.173611831665039062e+01 4.930978393554687500e+01 4.774968719482421875e+01 4.713562774658203125e+01 4.689435195922851562e+01 2.899999916553497314e-01
5.183919525146484375e+01 4.937029647827148438e+01 4.778969192504882812e+01 4.716209793090820312e+01 4.691981887817382812e+01 2.999999821186065674e-01
5.202359008789062500e+01 4.952329635620117188e+01 4.792712402343750000e+01 4.729131698608398438e+01 4.704408645629882812e+01 3.100000023841857910e-01
5.218276214599609375e+01 4.964569091796875000e+01 4.802518081665039062e+01 4.737925720214843750e+01 4.712392044067382812e+01 3.199999928474426270e-01
5.233414840698242188e+01 4.976724624633789062e+01 4.811983108520507812e+01 4.746492004394531250e+01 4.719942855834960938e+01 3.299999833106994629e-01
5.243762969970703125e+01 4.984896850585937500e+01 4.818256378173828125e+01 4.752182006835937500e+01 4.724965667724609375e+01 3.400000035762786865e-01
5.256399536132812500e+01 4.996838760375976562e+01 4.827535247802734375e+01 4.760420227050781250e+01 4.732680892944335938e+01 3.499999940395355225e-01
5.268612289428710938e+01 5.008705139160156250e+01 4.836742401123046875e+01 4.768602371215820312e+01 4.740560150146484375e+01 3.599999845027923584e-01
5.276293182373046875e+01 5.016491699218750000e+01 4.842589950561523438e+01 4.773907852172851562e+01 4.745322418212890625e+01 3.700000047683715820e-01
5.287060165405273438e+01 5.027872467041015625e+01 4.851591491699218750e+01 4.781925964355468750e+01 4.752282714843750000e+01 3.799999952316284180e-01
5.298012542724609375e+01 5.038163375854492188e+01 4.860784530639648438e+01 4.789782333374023438e+01 4.759177017211914062e+01 3.899999856948852539e-01
5.304653167724609375e+01 5.043628311157226562e+01 4.866909408569335938e+01 4.794585418701171875e+01 4.763288497924804688e+01 3.999999761581420898e-01
5.315843582153320312e+01 5.052816772460937500e+01 4.876264953613281250e+01 4.802010726928710938e+01 4.770070266723632812e+01 4.099999964237213135e-01
5.327035903930664062e+01 5.061694335937500000e+01 4.885672760009765625e+01 4.809172058105468750e+01 4.776787185668945312e+01 4.199999868869781494e-01
5.335499954223632812e+01 5.066001510620117188e+01 4.891800308227539062e+01 4.813363265991210938e+01 4.780669403076171875e+01 4.299999773502349854e-01
5.346996307373046875e+01 5.074373245239257812e+01 4.901428985595703125e+01 4.820435333251953125e+01 4.787213897705078125e+01 4.399999976158142090e-01
5.358464431762695312e+01 5.082879257202148438e+01 4.910913085937500000e+01 4.827370452880859375e+01 4.793382263183593750e+01 4.499999880790710449e-01
5.365993118286132812e+01 5.087108612060546875e+01 4.916819763183593750e+01 4.831202697753906250e+01 4.797068405151367188e+01 4.599999785423278809e-01
5.375825881958007812e+01 5.095673751831054688e+01 4.926019287109375000e+01 4.837853240966796875e+01 4.803283691406250000e+01 4.699999988079071045e-01
5.384994125366210938e+01 5.104202270507812500e+01 4.935295104980468750e+01 4.844420623779296875e+01 4.809505462646484375e+01 4.799999892711639404e-01
5.392857360839843750e+01 5.113149642944335938e+01 4.944496154785156250e+01 4.850828552246093750e+01 4.815676116943359375e+01 4.899999797344207764e-01
5.397835159301757812e+01 5.118122100830078125e+01 4.950147628784179688e+01 4.854143142700195312e+01 4.818671798706054688e+01 5.000000000000000000e-01
5.404912948608398438e+01 5.127364730834960938e+01 4.959172058105468750e+01 4.860405349731445312e+01 4.824427032470703125e+01 5.099999904632568359e-01
5.411640930175781250e+01 5.136328887939453125e+01 4.968133926391601562e+01 4.866521453857421875e+01 4.830216217041015625e+01 5.199999809265136719e-01
5.415108871459960938e+01 5.140686416625976562e+01 4.973483276367187500e+01 4.869477462768554688e+01 4.832864379882812500e+01 5.299999713897705078e-01
5.418171691894531250e+01 5.145609283447265625e+01 4.979011154174804688e+01 4.872063446044921875e+01 4.835329055786132812e+01 5.399999618530273438e-01
5.428073501586914062e+01 5.157489395141601562e+01 4.991256332397460938e+01 4.881453323364257812e+01 4.844869232177734375e+01 5.500000119209289551e-01
5.434577560424804688e+01 5.165857696533203125e+01 4.999775695800781250e+01 4.887384033203125000e+01 4.850686645507812500e+01 5.600000023841857910e-01
5.438186645507812500e+01 5.170022201538085938e+01 5.004334640502929688e+01 4.890238571166992188e+01 4.853532409667968750e+01 5.699999928474426270e-01
5.444709396362304688e+01 5.178475189208984375e+01 5.012592697143554688e+01 4.896258163452148438e+01 4.859229660034179688e+01 5.799999833106994629e-01
5.451112747192382812e+01 5.186941528320312500e+01 5.020598602294921875e+01 4.902134323120117188e+01 4.864678573608398438e+01 5.899999737739562988e-01
5.454394531250000000e+01 5.192318344116210938e+01 5.025357055664062500e+01 4.904867553710937500e+01 4.867306137084960938e+01 5.999999642372131348e-01
5.460247802734375000e+01 5.199228286743164062e+01 5.031585311889648438e+01 4.909828948974609375e+01 4.872095870971679688e+01 6.100000143051147461e-01
5.466331100463867188e+01 5.207912445068359375e+01 5.039169692993164062e+01 4.915375518798828125e+01 4.876930236816406250e+01 6.200000047683715820e-01
5.472573471069335938e+01 5.216587829589843750e+01 5.046755218505859375e+01 4.920955276489257812e+01 4.882213592529296875e+01 6.299999952316284180e-01
5.478953552246093750e+01 5.225341415405273438e+01 5.054318618774414062e+01 4.926661682128906250e+01 4.887475204467773438e+01 6.399999856948852539e-01
5.480149459838867188e+01 5.229171752929687500e+01 5.057123565673828125e+01 4.928046035766601562e+01 4.888525390625000000e+01 6.499999761581420898e-01
5.486757278442382812e+01 5.238342666625976562e+01 5.064657974243164062e+01 4.933796310424804688e+01 4.893526458740234375e+01 6.599999666213989258e-01
5.493761825561523438e+01 5.247777557373046875e+01 5.072074508666992188e+01 4.939476394653320312e+01 4.898215103149414062e+01 6.699999570846557617e-01
5.500575637817382812e+01 5.257245635986328125e+01 5.079443359375000000e+01 4.945167160034179688e+01 4.902953720092773438e+01 6.800000071525573730e-01
5.507717514038085938e+01 5.266640472412109375e+01 5.086875534057617188e+01 4.950938034057617188e+01 4.907662963867187500e+01 6.899999976158142090e-01
5.509054565429687500e+01 5.270101928710937500e+01 5.089671325683593750e+01 4.952712631225585938e+01 4.908566665649414062e+01 6.999999880790710449e-01
5.516220092773437500e+01 5.278664016723632812e+01 5.097348022460937500e+01 4.958481979370117188e+01 4.913374710083007812e+01 7.099999785423278809e-01
5.523433685302734375e+01 5.287244033813476562e+01 5.104774856567382812e+01 4.964194869995117188e+01 4.918163299560546875e+01 7.199999690055847168e-01
5.530295562744140625e+01 5.295912933349609375e+01 5.111545944213867188e+01 4.969935607910156250e+01 4.922721099853515625e+01 7.299999594688415527e-01
5.530719375610351562e+01 5.298716354370117188e+01 5.112628936767578125e+01 4.971718215942382812e+01 4.923278045654296875e+01 7.400000095367431641e-01
5.537698364257812500e+01 5.307693862915039062e+01 5.118175888061523438e+01 4.977861785888671875e+01 4.927831268310546875e+01 7.500000000000000000e-01
5.544548797607421875e+01 5.316687393188476562e+01 5.123492813110351562e+01 4.984143829345703125e+01 4.932269287109375000e+01 7.599999904632568359e-01
5.551144409179687500e+01 5.325902175903320312e+01 5.128743743896484375e+01 4.990466690063476562e+01 4.936834716796875000e+01 7.699999809265136719e-01
5.557808303833007812e+01 5.335143280029296875e+01 5.133687591552734375e+01 4.996771621704101562e+01 4.941282653808593750e+01 7.799999713897705078e-01
5.558442687988281250e+01 5.338089752197265625e+01 5.133367538452148438e+01 4.998829650878906250e+01 4.941732788085937500e+01 7.899999618530273438e-01
5.564945983886718750e+01 5.347106933593750000e+01 5.138122940063476562e+01 5.005255126953125000e+01 4.946376419067382812e+01 7.999999523162841797e-01
5.571433258056640625e+01 5.356245040893554688e+01 5.143118286132812500e+01 5.011813735961914062e+01 4.950550079345703125e+01 8.100000023841857910e-01
5.577653884887695312e+01 5.365304565429687500e+01 5.148207092285156250e+01 5.018458938598632812e+01 4.955037307739257812e+01 8.199999928474426270e-01
5.583667755126953125e+01 5.374257659912109375e+01 5.153417968750000000e+01 5.025124359130859375e+01 4.959451675415039062e+01 8.299999833106994629e-01
5.584494781494140625e+01 5.376558303833007812e+01 5.153058624267578125e+01 5.026989364624023438e+01 4.958868789672851562e+01 8.399999737739562988e-01
5.590026092529296875e+01 5.385649871826171875e+01 5.158285903930664062e+01 5.033563232421875000e+01 4.963282775878906250e+01 8.499999642372131348e-01
5.595172882080078125e+01 5.395017242431640625e+01 5.163763809204101562e+01 5.040206527709960938e+01 4.967978668212890625e+01 8.599999547004699707e-01
5.599715423583984375e+01 5.404549026489257812e+01 5.169395828247070312e+01 5.046698760986328125e+01 4.972661590576171875e+01 8.700000047683715820e-01
5.604270172119140625e+01 5.414516448974609375e+01 5.175151824951171875e+01 5.053028106689453125e+01 4.977261734008789062e+01 8.799999952316284180e-01
5.608811950683593750e+01 5.424898147583007812e+01 5.180900955200195312e+01 5.059177780151367188e+01 4.981695556640625000e+01 8.899999856948852539e-01
5.608649444580078125e+01 5.427098083496093750e+01 5.180501937866210938e+01 5.060007095336914062e+01 4.981528854370117188e+01 8.999999761581420898e-01
5.612793731689453125e+01 5.436388015747070312e+01 5.185771179199218750e+01 5.065800476074218750e+01 4.986104583740234375e+01 9.099999666213989258e-01
5.616840362548828125e+01 5.444588088989257812e+01 5.190842437744140625e+01 5.071606826782226562e+01 4.990790939331054688e+01 9.199999570846557617e-01
5.620625686645507812e+01 5.452186584472656250e+01 5.196123123168945312e+01 5.077516555786132812e+01 4.995433807373046875e+01 9.300000071525573730e-01
5.624411010742187500e+01 5.459061813354492188e+01 5.201574325561523438e+01 5.083150863647460938e+01 5.000129699707031250e+01 9.399999976158142090e-01
5.621281814575195312e+01 5.456641387939453125e+01 5.200408172607421875e+01 5.081956481933593750e+01 4.998128890991210938e+01 9.499999880790710449e-01
5.624908065795898438e+01 5.462024688720703125e+01 5.206063842773437500e+01 5.087372589111328125e+01 5.002287673950195312e+01 9.599999785423278809e-01
5.628364181518554688e+01 5.467310333251953125e+01 5.211757659912109375e+01 5.092856216430664062e+01 5.007097625732421875e+01 9.699999690055847168e-01
5.631993865966796875e+01 5.472629928588867188e+01 5.217413330078125000e+01 5.098612976074218750e+01 5.011920928955078125e+01 9.799999594688415527e-01
5.635602188110351562e+01 5.477950286865234375e+01 5.223169708251953125e+01 5.104225540161132812e+01 5.016574096679687500e+01 9.899999499320983887e-01
5.639149093627929688e+01 5.483454132080078125e+01 5.228928756713867188e+01 5.109755325317382812e+01 5.021077728271484375e+01 1.000000000000000000e+00
5.642565917968750000e+01 5.489381027221679688e+01 5.234905624389648438e+01 5.115327072143554688e+01 5.025783920288085938e+01 1.009999990463256836e+00
5.641234588623046875e+01 5.486090087890625000e+01 5.233839416503906250e+01 5.114172363281250000e+01 5.025046920776367188e+01 1.019999980926513672e+00
5.644740295410156250e+01 5.493123626708984375e+01 5.239766693115234375e+01 5.119913101196289062e+01 5.030044937133789062e+01 1.029999971389770508e+00
5.647968673706054688e+01 5.500578308105468750e+01 5.245664978027343750e+01 5.125328826904296875e+01 5.035726928710937500e+01 1.039999961853027344e+00
5.651250457763671875e+01 5.508418273925781250e+01 5.251490402221679688e+01 5.130910873413085938e+01 5.040626907348632812e+01 1.049999952316284180e+00
5.654736709594726562e+01 5.517342758178710938e+01 5.257366180419921875e+01 5.136655044555664062e+01 5.046279144287109375e+01 1.059999942779541016e+00
5.656446838378906250e+01 5.524673843383789062e+01 5.261850357055664062e+01 5.140776443481445312e+01 5.050314712524414062e+01 1.069999933242797852e+00
5.659669494628906250e+01 5.533283615112304688e+01 5.268104934692382812e+01 5.146589279174804688e+01 5.055734634399414062e+01 1.079999923706054688e+00
5.658144760131835938e+01 5.532072448730468750e+01 5.268366622924804688e+01 5.146689605712890625e+01 5.056465530395507812e+01 1.090000033378601074e+00
5.661006927490234375e+01 5.538618850708007812e+01 5.274843215942382812e+01 5.151763916015625000e+01 5.061744308471679688e+01 1.100000023841857910e+00
5.663651657104492188e+01 5.544372940063476562e+01 5.281136703491210938e+01 5.156031799316406250e+01 5.067607879638671875e+01 1.110000014305114746e+00
5.666271591186523438e+01 5.549747467041015625e+01 5.287300491333007812e+01 5.159833145141601562e+01 5.072806549072265625e+01 1.120000004768371582e+00
5.668360519409179688e+01 5.554758071899414062e+01 5.293252182006835938e+01 5.163392257690429688e+01 5.078142166137695312e+01 1.129999995231628418e+00
5.670895385742187500e+01 5.559717178344726562e+01 5.299112319946289062e+01 5.167070770263671875e+01 5.083425140380859375e+01 1.139999985694885254e+00
5.665965652465820312e+01 5.552555465698242188e+01 5.296810531616210938e+01 5.163520431518554688e+01 5.081956100463867188e+01 1.149999976158142090e+00
5.668403244018554688e+01 5.557036972045898438e+01 5.302818679809570312e+01 5.167211151123046875e+01 5.086694717407226562e+01 1.159999966621398926e+00
5.670797348022460938e+01 5.561151504516601562e+01 5.308932876586914062e+01 5.170814895629882812e+01 5.091127777099609375e+01 1.169999957084655762e+00
5.673344421386718750e+01 5.565036392211914062e+01 5.315206527709960938e+01 5.174344635009765625e+01 5.096149063110351562e+01 1.179999947547912598e+00
5.675745391845703125e+01 5.568778228759765625e+01 5.321716308593750000e+01 5.177672195434570312e+01 5.100471115112304688e+01 1.189999938011169434e+00
5.676718902587890625e+01 5.571322631835937500e+01 5.327194976806640625e+01 5.179947662353515625e+01 5.104107284545898438e+01 1.199999928474426270e+00
5.679114913940429688e+01 5.575275421142578125e+01 5.333869552612304688e+01 5.183621215820312500e+01 5.107952880859375000e+01 1.209999918937683105e+00
5.682880020141601562e+01 5.580712890625000000e+01 5.341811752319335938e+01 5.188514709472656250e+01 5.113776397705078125e+01 1.220000028610229492e+00
5.672745895385742188e+01 5.570655441284179688e+01 5.338835906982421875e+01 5.183334350585937500e+01 5.109536743164062500e+01 1.230000019073486328e+00
5.675130462646484375e+01 5.575455856323242188e+01 5.345484542846679688e+01 5.186896896362304688e+01 5.114774322509765625e+01 1.240000009536743164e+00
5.677605438232421875e+01 5.580209350585937500e+01 5.352032470703125000e+01 5.190523910522460938e+01 5.119363021850585938e+01 1.250000000000000000e+00
5.679866027832031250e+01 5.584851837158203125e+01 5.358742904663085938e+01 5.194388961791992188e+01 5.124125671386718750e+01 1.259999990463256836e+00
5.681976318359375000e+01 5.589231109619140625e+01 5.365324401855468750e+01 5.198431777954101562e+01 5.128708267211914062e+01 1.269999980926513672e+00
5.684384918212890625e+01 5.592984390258789062e+01 5.372121429443359375e+01 5.202627182006835938e+01 5.133285140991210938e+01 1.279999971389770508e+00
5.686817932128906250e+01 5.596513748168945312e+01 5.378950119018554688e+01 5.206876373291015625e+01 5.138027191162109375e+01 1.289999961853027344e+00
5.689180755615234375e+01 5.599716567993164062e+01 5.385773849487304688e+01 5.211045074462890625e+01 5.142768096923828125e+01 1.299999952316284180e+00
5.684551239013671875e+01 5.589585876464843750e+01 5.382580566406250000e+01 5.206126022338867188e+01 5.138813400268554688e+01 1.309999942779541016e+00
5.686759185791015625e+01 5.592797851562500000e+01 5.389704132080078125e+01 5.209955978393554688e+01 5.143125915527343750e+01 1.319999933242797852e+00
5.688921356201171875e+01 5.595946884155273438e+01 5.396952056884765625e+01 5.213585281372070312e+01 5.148239517211914062e+01 1.329999923706054688e+00
5.690964126586914062e+01 5.599340057373046875e+01 5.404594421386718750e+01 5.217115020751953125e+01 5.152649688720703125e+01 1.339999914169311523e+00
5.693108367919921875e+01 5.602788543701171875e+01 5.412591552734375000e+01 5.220671844482421875e+01 5.157517242431640625e+01 1.350000023841857910e+00
5.695235824584960938e+01 5.606519699096679688e+01 5.420613098144531250e+01 5.224393844604492188e+01 5.162479400634765625e+01 1.360000014305114746e+00
5.697227859497070312e+01 5.610575485229492188e+01 5.428558731079101562e+01 5.228154754638671875e+01 5.167736434936523438e+01 1.370000004768371582e+00
5.699493026733398438e+01 5.614926147460937500e+01 5.435964965820312500e+01 5.231899642944335938e+01 5.172839736938476562e+01 1.379999995231628418e+00
5.701688766479492188e+01 5.619520568847656250e+01 5.442843627929687500e+01 5.235656738281250000e+01 5.177074432373046875e+01 1.389999985694885254e+00
5.703770828247070312e+01 5.624311828613281250e+01 5.449193572998046875e+01 5.239411926269531250e+01 5.179022598266601562e+01 1.399999976158142090e+00
5.701061248779296875e+01 5.615660858154296875e+01 5.442802047729492188e+01 5.233631515502929688e+01 5.173292160034179688e+01 1.409999966621398926e+00
5.703203201293945312e+01 5.620306777954101562e+01 5.448102569580078125e+01 5.237521362304687500e+01 5.174871826171875000e+01 1.419999957084655762e+00
5.705249404907226562e+01 5.625160980224609375e+01 5.452872467041015625e+01 5.241450500488281250e+01 5.178293609619140625e+01 1.429999947547912598e+00
5.707418823242187500e+01 5.630076980590820312e+01 5.457221984863281250e+01 5.245609664916992188e+01 5.181420898437500000e+01 1.439999938011169434e+00
5.709582901000976562e+01 5.635090255737304688e+01 5.460646820068359375e+01 5.249868392944335938e+01 5.183999252319335938e+01 1.449999928474426270e+00
5.711655044555664062e+01 5.640146636962890625e+01 5.463949584960937500e+01 5.254298782348632812e+01 5.187070846557617188e+01 1.459999918937683105e+00
5.713540267944335938e+01 5.645248794555664062e+01 5.467301559448242188e+01 5.258790588378906250e+01 5.190435409545898438e+01 1.469999909400939941e+00
5.715497589111328125e+01 5.650381851196289062e+01 5.470671081542968750e+01 5.263362503051757812e+01 5.192905426025390625e+01 1.480000019073486328e+00
5.717413330078125000e+01 5.655584716796875000e+01 5.474097442626953125e+01 5.267939376831054688e+01 5.195466613769531250e+01 1.490000009536743164e+00
5.719272232055664062e+01 5.660935592651367188e+01 5.477611923217773438e+01 5.272630310058593750e+01 5.199049758911132812e+01 1.500000000000000000e+00
5.713895797729492188e+01 5.643202209472656250e+01 5.457177734375000000e+01 5.258536911010742188e+01 5.184993362426757812e+01 1.509999990463256836e+00
5.715960693359375000e+01 5.648837661743164062e+01 5.460704040527343750e+01 5.263444519042968750e+01 5.188550186157226562e+01 1.519999980926513672e+00
5.718032073974609375e+01 5.654672622680664062e+01 5.465037536621093750e+01 5.268309402465820312e+01 5.191536331176757812e+01 1.529999971389770508e+00
5.719805526733398438e+01 5.660451889038085938e+01 5.469483566284179688e+01 5.273314285278320312e+01 5.194301605224609375e+01 1.539999961853027344e+00
5.721726608276367188e+01 5.666297149658203125e+01 5.474597930908203125e+01 5.278259277343750000e+01 5.196963119506835938e+01 1.549999952316284180e+00
5.723145675659179688e+01 5.672027969360351562e+01 5.480189514160156250e+01 5.283109664916992188e+01 5.200060272216796875e+01 1.559999942779541016e+00
5.724985885620117188e+01 5.677911376953125000e+01 5.485917282104492188e+01 5.287748336791992188e+01 5.203185272216796875e+01 1.569999933242797852e+00
5.726960372924804688e+01 5.683876037597656250e+01 5.492122650146484375e+01 5.292037200927734375e+01 5.206492614746093750e+01 1.579999923706054688e+00
5.722924423217773438e+01 5.681405639648437500e+01 5.488624572753906250e+01 5.288468170166015625e+01 5.203122711181640625e+01 1.589999914169311523e+00
5.725028991699218750e+01 5.687629699707031250e+01 5.494274902343750000e+01 5.292400741577148438e+01 5.206878662109375000e+01 1.599999904632568359e+00
5.726982116699218750e+01 5.693825912475585938e+01 5.499124908447265625e+01 5.296340942382812500e+01 5.210084915161132812e+01 1.610000014305114746e+00
5.728984451293945312e+01 5.700284194946289062e+01 5.503206253051757812e+01 5.300308990478515625e+01 5.213327026367187500e+01 1.620000004768371582e+00
5.731322860717773438e+01 5.706590652465820312e+01 5.506541061401367188e+01 5.304508209228515625e+01 5.216309738159179688e+01 1.629999995231628418e+00
5.733413696289062500e+01 5.712767028808593750e+01 5.509665679931640625e+01 5.308794021606445312e+01 5.219237136840820312e+01 1.639999985694885254e+00
5.733343124389648438e+01 5.715102767944335938e+01 5.508181762695312500e+01 5.309805679321289062e+01 5.218592071533203125e+01 1.649999976158142090e+00
5.735524368286132812e+01 5.720215225219726562e+01 5.510987854003906250e+01 5.314342880249023438e+01 5.221111679077148438e+01 1.659999966621398926e+00
5.737576675415039062e+01 5.724752044677734375e+01 5.514093399047851562e+01 5.319150543212890625e+01 5.224048233032226562e+01 1.669999957084655762e+00
5.739626312255859375e+01 5.728864288330078125e+01 5.517152404785156250e+01 5.324048995971679688e+01 5.227439880371093750e+01 1.679999947547912598e+00
5.741546249389648438e+01 5.732673263549804688e+01 5.520245361328125000e+01 5.329025650024414062e+01 5.230777359008789062e+01 1.689999938011169434e+00
5.731903076171875000e+01 5.720808410644531250e+01 5.512270355224609375e+01 5.326903533935546875e+01 5.227471542358398438e+01 1.699999928474426270e+00
5.733975982666015625e+01 5.724074935913085938e+01 5.514923095703125000e+01 5.331991958618164062e+01 5.230611419677734375e+01 1.709999918937683105e+00
5.736044311523437500e+01 5.727237701416015625e+01 5.517311859130859375e+01 5.337062072753906250e+01 5.233651351928710938e+01 1.719999909400939941e+00
5.738147354125976562e+01 5.730367660522460938e+01 5.519839096069335938e+01 5.342157363891601562e+01 5.236564254760742188e+01 1.730000019073486328e+00
5.740233230590820312e+01 5.733396530151367188e+01 5.522270965576171875e+01 5.347333908081054688e+01 5.239308929443359375e+01 1.740000009536743164e+00
5.743945312500000000e+01 5.733990859985351562e+01 5.514878845214843750e+01 5.345091247558593750e+01 5.235074996948242188e+01 1.750000000000000000e+00
5.745847702026367188e+01 5.737269592285156250e+01 5.517666244506835938e+01 5.350312805175781250e+01 5.238158035278320312e+01 1.759999990463256836e+00
5.747381210327148438e+01 5.740498733520507812e+01 5.520602416992187500e+01 5.355616760253906250e+01 5.241566085815429688e+01 1.769999980926513672e+00
5.748724365234375000e+01 5.743658447265625000e+01 5.523732757568359375e+01 5.360850524902343750e+01 5.245061111450195312e+01 1.779999971389770508e+00
5.750384140014648438e+01 5.746679306030273438e+01 5.527233886718750000e+01 5.366151809692382812e+01 5.248358917236328125e+01 1.789999961853027344e+00
5.753017425537109375e+01 5.746061325073242188e+01 5.519952392578125000e+01 5.363375854492187500e+01 5.245455551147460938e+01 1.799999952316284180e+00
5.754633331298828125e+01 5.749151229858398438e+01 5.523496627807617188e+01 5.368580627441406250e+01 5.249287033081054688e+01 1.809999942779541016e+00
5.756317520141601562e+01 5.752047348022460938e+01 5.527039337158203125e+01 5.373688125610351562e+01 5.252516174316406250e+01 1.819999933242797852e+00
5.757719802856445312e+01 5.754737091064453125e+01 5.530276870727539062e+01 5.379019546508789062e+01 5.255852508544921875e+01 1.829999923706054688e+00
5.759159469604492188e+01 5.757283020019531250e+01 5.533168792724609375e+01 5.384301757812500000e+01 5.260004043579101562e+01 1.839999914169311523e+00
5.760717773437500000e+01 5.759706497192382812e+01 5.535961532592773438e+01 5.389856338500976562e+01 5.264413452148437500e+01 1.849999904632568359e+00
5.763748931884765625e+01 5.759711456298828125e+01 5.527349853515625000e+01 5.387137603759765625e+01 5.262072372436523438e+01 1.860000014305114746e+00
5.764923858642578125e+01 5.762372207641601562e+01 5.529636764526367188e+01 5.393036651611328125e+01 5.266396713256835938e+01 1.870000004768371582e+00
5.766222763061523438e+01 5.765013122558593750e+01 5.531821823120117188e+01 5.398910140991210938e+01 5.270533370971679688e+01 1.879999995231628418e+00
5.767802047729492188e+01 5.767652511596679688e+01 5.533990859985351562e+01 5.404689407348632812e+01 5.274645996093750000e+01 1.889999985694885254e+00
5.769158935546875000e+01 5.770251464843750000e+01 5.536167907714843750e+01 5.410265350341796875e+01 5.279113006591796875e+01 1.899999976158142090e+00
5.770728683471679688e+01 5.772822189331054688e+01 5.538380813598632812e+01 5.415858078002929688e+01 5.283590316772460938e+01 1.909999966621398926e+00
5.775285720825195312e+01 5.774237823486328125e+01 5.528464889526367188e+01 5.411550903320312500e+01 5.279947662353515625e+01 1.919999957084655762e+00
5.776659011840820312e+01 5.777038192749023438e+01 5.530914306640625000e+01 5.416231536865234375e+01 5.283231735229492188e+01 1.929999947547912598e+00
5.777840042114257812e+01 5.779785919189453125e+01 5.533360290527343750e+01 5.420657348632812500e+01 5.286339950561523438e+01 1.939999938011169434e+00
5.778920745849609375e+01 5.782370758056640625e+01 5.536088562011718750e+01 5.424979400634765625e+01 5.289773941040039062e+01 1.949999928474426270e+00
5.780219650268554688e+01 5.784860229492187500e+01 5.539122390747070312e+01 5.429189682006835938e+01 5.293144226074218750e+01 1.959999918937683105e+00
5.781484222412109375e+01 5.787166595458984375e+01 5.542326736450195312e+01 5.432603836059570312e+01 5.296298217773437500e+01 1.969999909400939941e+00
5.786543655395507812e+01 5.785429000854492188e+01 5.531804275512695312e+01 5.424977874755859375e+01 5.290942001342773438e+01 1.979999899864196777e+00
5.787950897216796875e+01 5.787914276123046875e+01 5.535480499267578125e+01 5.427353286743164062e+01 5.294341659545898438e+01 1.990000009536743164e+00
5.789416503906250000e+01 5.790358352661132812e+01 5.539154434204101562e+01 5.429544067382812500e+01 5.297945404052734375e+01 2.000000000000000000e+00
5.790901947021484375e+01 5.792771530151367188e+01 5.542837524414062500e+01 5.431858062744140625e+01 5.300935363769531250e+01 2.009999990463256836e+00
5.792244720458984375e+01 5.795186614990234375e+01 5.546593856811523438e+01 5.434385299682617188e+01 5.304075241088867188e+01 2.019999980926513672e+00
5.793521118164062500e+01 5.797571563720703125e+01 5.550185012817382812e+01 5.436823654174804688e+01 5.307599639892578125e+01 2.029999971389770508e+00
5.798237991333007812e+01 5.798635864257812500e+01 5.538914108276367188e+01 5.428082275390625000e+01 5.302727127075195312e+01 2.039999961853027344e+00
5.799449539184570312e+01 5.801539611816406250e+01 5.542683792114257812e+01 5.430826187133789062e+01 5.307077026367187500e+01 2.049999952316284180e+00
5.800772094726562500e+01 5.804347610473632812e+01 5.546554565429687500e+01 5.433521270751953125e+01 5.311503601074218750e+01 2.059999942779541016e+00
5.801786041259765625e+01 5.807041931152343750e+01 5.550406265258789062e+01 5.436466979980468750e+01 5.315848541259765625e+01 2.069999933242797852e+00
5.802910232543945312e+01 5.809679031372070312e+01 5.554422760009765625e+01 5.439856338500976562e+01 5.320133209228515625e+01 2.079999923706054688e+00
5.804070281982421875e+01 5.812181091308593750e+01 5.558369445800781250e+01 5.443370819091796875e+01 5.324362564086914062e+01 2.089999914169311523e+00
5.805284500122070312e+01 5.814590454101562500e+01 5.562345886230468750e+01 5.447334289550781250e+01 5.328580093383789062e+01 2.099999904632568359e+00
5.805955886840820312e+01 5.816829681396484375e+01 5.550027847290039062e+01 5.439130020141601562e+01 5.323006820678710938e+01 2.109999895095825195e+00
5.807010650634765625e+01 5.819454193115234375e+01 5.554143142700195312e+01 5.443109893798828125e+01 5.327190780639648438e+01 2.119999885559082031e+00
5.807575225830078125e+01 5.821446990966796875e+01 5.557953262329101562e+01 5.446709823608398438e+01 5.330615234375000000e+01 2.129999876022338867e+00
5.808619308471679688e+01 5.823923873901367188e+01 5.562316894531250000e+01 5.451105117797851562e+01 5.335004806518554688e+01 2.139999866485595703e+00
5.809675979614257812e+01 5.826289749145507812e+01 5.566854858398437500e+01 5.455261611938476562e+01 5.339454650878906250e+01 2.149999856948852539e+00
5.809421539306640625e+01 5.826533126831054688e+01 5.567528915405273438e+01 5.456692886352539062e+01 5.341937637329101562e+01 2.159999847412109375e+00
5.810492706298828125e+01 5.828842544555664062e+01 5.572048568725585938e+01 5.460157012939453125e+01 5.346569824218750000e+01 2.169999837875366211e+00
5.808126831054687500e+01 5.825059509277343750e+01 5.563417434692382812e+01 5.453770828247070312e+01 5.344354248046875000e+01 2.180000066757202148e+00
5.809436798095703125e+01 5.827329635620117188e+01 5.568002319335937500e+01 5.456073379516601562e+01 5.348453903198242188e+01 2.190000057220458984e+00
5.810559463500976562e+01 5.829423522949218750e+01 5.572536849975585938e+01 5.457880020141601562e+01 5.352725219726562500e+01 2.200000047683715820e+00
5.811912536621093750e+01 5.831393051147460938e+01 5.577132034301757812e+01 5.459542083740234375e+01 5.356903839111328125e+01 2.210000038146972656e+00
5.813267898559570312e+01 5.833239746093750000e+01 5.581700134277343750e+01 5.461238861083984375e+01 5.361209106445312500e+01 2.220000028610229492e+00
5.814574050903320312e+01 5.834972000122070312e+01 5.586475372314453125e+01 5.462815475463867188e+01 5.365498352050781250e+01 2.230000019073486328e+00
5.816017150878906250e+01 5.836621093750000000e+01 5.591426467895507812e+01 5.464485931396484375e+01 5.369816207885742188e+01 2.240000009536743164e+00
5.817358016967773438e+01 5.838153457641601562e+01 5.596492004394531250e+01 5.466283035278320312e+01 5.374535751342773438e+01 2.250000000000000000e+00
5.818589782714843750e+01 5.839672088623046875e+01 5.601691436767578125e+01 5.467845535278320312e+01 5.379379653930664062e+01 2.259999990463256836e+00
5.819918823242187500e+01 5.841075897216796875e+01 5.607175064086914062e+01 5.469434356689453125e+01 5.383738327026367188e+01 2.269999980926513672e+00
5.812140655517578125e+01 5.832160949707031250e+01 5.572710037231445312e+01 5.443301391601562500e+01 5.365245819091796875e+01 2.279999971389770508e+00
5.813632965087890625e+01 5.833649826049804688e+01 5.577986907958984375e+01 5.444367218017578125e+01 5.368924713134765625e+01 2.289999961853027344e+00
5.815114593505859375e+01 5.835030364990234375e+01 5.583234786987304688e+01 5.445285797119140625e+01 5.373064804077148438e+01 2.299999952316284180e+00
5.816713333129882812e+01 5.836269378662109375e+01 5.588273239135742188e+01 5.446080017089843750e+01 5.377383804321289062e+01 2.309999942779541016e+00
5.818255615234375000e+01 5.837384033203125000e+01 5.593255233764648438e+01 5.446918869018554688e+01 5.381082916259765625e+01 2.319999933242797852e+00
5.819853973388671875e+01 5.838412475585937500e+01 5.597928619384765625e+01 5.447862243652343750e+01 5.384015655517578125e+01 2.329999923706054688e+00
5.821397018432617188e+01 5.839405822753906250e+01 5.602410888671875000e+01 5.449063491821289062e+01 5.387974166870117188e+01 2.339999914169311523e+00
5.823117828369140625e+01 5.840321731567382812e+01 5.606900024414062500e+01 5.450352478027343750e+01 5.392237472534179688e+01 2.349999904632568359e+00
5.824881744384765625e+01 5.841196060180664062e+01 5.611241149902343750e+01 5.451827239990234375e+01 5.396565246582031250e+01 2.359999895095825195e+00
5.826601791381835938e+01 5.842066955566406250e+01 5.615586853027343750e+01 5.453549194335937500e+01 5.399858856201171875e+01 2.369999885559082031e+00
5.828161239624023438e+01 5.842925643920898438e+01 5.619655227661132812e+01 5.455373001098632812e+01 5.401918792724609375e+01 2.379999876022338867e+00
5.829379272460937500e+01 5.843305969238281250e+01 5.623289871215820312e+01 5.456948471069335938e+01 5.402020263671875000e+01 2.389999866485595703e+00
5.830907058715820312e+01 5.844156265258789062e+01 5.627286529541015625e+01 5.459161376953125000e+01 5.402662277221679688e+01 2.399999856948852539e+00
5.832648468017578125e+01 5.844976043701171875e+01 5.631409835815429688e+01 5.461478042602539062e+01 5.404850006103515625e+01 2.409999847412109375e+00
5.776089477539062500e+01 5.786563873291015625e+01 5.587283325195312500e+01 5.434104156494140625e+01 5.383162689208984375e+01 2.419999837875366211e+00
5.777900314331054688e+01 5.787316513061523438e+01 5.591288757324218750e+01 5.436200714111328125e+01 5.385939407348632812e+01 2.429999828338623047e+00
5.780095291137695312e+01 5.788486862182617188e+01 5.595714569091796875e+01 5.438600158691406250e+01 5.388744354248046875e+01 2.440000057220458984e+00
5.781792449951171875e+01 5.789172744750976562e+01 5.599845504760742188e+01 5.440381622314453125e+01 5.390414428710937500e+01 2.450000047683715820e+00
5.783569717407226562e+01 5.789840316772460938e+01 5.604109191894531250e+01 5.441873168945312500e+01 5.391451644897460938e+01 2.460000038146972656e+00
5.785482406616210938e+01 5.790506744384765625e+01 5.608289718627929688e+01 5.443164062500000000e+01 5.393685150146484375e+01 2.470000028610229492e+00
5.787366485595703125e+01 5.791157531738281250e+01 5.612666702270507812e+01 5.444359588623046875e+01 5.396176147460937500e+01 2.480000019073486328e+00
5.789241027832031250e+01 5.791795730590820312e+01 5.616998291015625000e+01 5.445325851440429688e+01 5.398147583007812500e+01 2.490000009536743164e+00
5.791237640380859375e+01 5.792428207397460938e+01 5.621305465698242188e+01 5.446284866333007812e+01 5.400429153442382812e+01 2.500000000000000000e+00
5.793207931518554688e+01 5.793054199218750000e+01 5.625446701049804688e+01 5.447328567504882812e+01 5.403611755371093750e+01 2.509999990463256836e+00
5.795279693603515625e+01 5.793638992309570312e+01 5.629550552368164062e+01 5.448351287841796875e+01 5.406440353393554688e+01 2.519999980926513672e+00
5.797321701049804688e+01 5.794224548339843750e+01 5.633317184448242188e+01 5.449472045898437500e+01 5.409658813476562500e+01 2.529999971389770508e+00
5.799373245239257812e+01 5.794781494140625000e+01 5.637068176269531250e+01 5.450740814208984375e+01 5.413402175903320312e+01 2.539999961853027344e+00
5.801370620727539062e+01 5.801326751708984375e+01 5.600097656250000000e+01 5.422642517089843750e+01 5.390853881835937500e+01 2.549999952316284180e+00
5.803383255004882812e+01 5.801935195922851562e+01 5.603660964965820312e+01 5.423945236206054688e+01 5.393169784545898438e+01 2.559999942779541016e+00
5.805374145507812500e+01 5.802512359619140625e+01 5.607400894165039062e+01 5.425281143188476562e+01 5.396392440795898438e+01 2.569999933242797852e+00
5.807437896728515625e+01 5.803083419799804688e+01 5.611195755004882812e+01 5.426754760742187500e+01 5.400037765502929688e+01 2.579999923706054688e+00
5.809472656250000000e+01 5.803641128540039062e+01 5.615140914916992188e+01 5.428285980224609375e+01 5.403582382202148438e+01 2.589999914169311523e+00
5.811642456054687500e+01 5.804244232177734375e+01 5.619097900390625000e+01 5.430013275146484375e+01 5.406131744384765625e+01 2.599999904632568359e+00
5.813863754272460938e+01 5.804832077026367188e+01 5.623216629028320312e+01 5.431900405883789062e+01 5.408244705200195312e+01 2.609999895095825195e+00
5.815975189208984375e+01 5.805415344238281250e+01 5.627412414550781250e+01 5.433926773071289062e+01 5.409379196166992188e+01 2.619999885559082031e+00
5.818096923828125000e+01 5.806011962890625000e+01 5.631633758544921875e+01 5.436091232299804688e+01 5.409875106811523438e+01 2.629999876022338867e+00
5.820330047607421875e+01 5.806605148315429688e+01 5.635893630981445312e+01 5.438258743286132812e+01 5.410482025146484375e+01 2.639999866485595703e+00
5.822466659545898438e+01 5.807212448120117188e+01 5.640067672729492188e+01 5.440521240234375000e+01 5.411220932006835938e+01 2.649999856948852539e+00
5.824520111083984375e+01 5.807812500000000000e+01 5.644384384155273438e+01 5.442741775512695312e+01 5.412292861938476562e+01 2.659999847412109375e+00
5.826727294921875000e+01 5.808417129516601562e+01 5.648646545410156250e+01 5.444966506958007812e+01 5.413641738891601562e+01 2.669999837875366211e+00
5.877008056640625000e+01 5.860131835937500000e+01 5.613325500488281250e+01 5.416112136840820312e+01 5.388462448120117188e+01 2.679999828338623047e+00
5.879499816894531250e+01 5.860842895507812500e+01 5.617631912231445312e+01 5.418094253540039062e+01 5.389962387084960938e+01 2.690000057220458984e+00
5.882123947143554688e+01 5.861534118652343750e+01 5.621946334838867188e+01 5.420125198364257812e+01 5.390990447998046875e+01 2.700000047683715820e+00
5.884665679931640625e+01 5.862216186523437500e+01 5.626153564453125000e+01 5.422180557250976562e+01 5.392062759399414062e+01 2.710000038146972656e+00
5.887427902221679688e+01 5.862935638427734375e+01 5.630333709716796875e+01 5.424366378784179688e+01 5.393307495117187500e+01 2.720000028610229492e+00
5.889941406250000000e+01 5.863617706298828125e+01 5.634547805786132812e+01 5.426487731933593750e+01 5.393984985351562500e+01 2.730000019073486328e+00
5.892504882812500000e+01 5.864331817626953125e+01 5.638756561279296875e+01 5.428802490234375000e+01 5.394900131225585938e+01 2.740000009536743164e+00
5.895124053955078125e+01 5.865029525756835938e+01 5.643288421630859375e+01 5.431042098999023438e+01 5.395581436157226562e+01 2.750000000000000000e+00
5.897916030883789062e+01 5.865751266479492188e+01 5.647802734375000000e+01 5.433343505859375000e+01 5.395834350585937500e+01 2.759999990463256836e+00
5.900624847412109375e+01 5.866489791870117188e+01 5.652671813964843750e+01 5.435572814941406250e+01 5.396088027954101562e+01 2.769999980926513672e+00
5.903499984741210938e+01 5.867258834838867188e+01 5.657552719116210938e+01 5.437861251831054688e+01 5.396410369873046875e+01 2.779999971389770508e+00
5.906129837036132812e+01 5.867994689941406250e+01 5.662781906127929688e+01 5.440300369262695312e+01 5.398144912719726562e+01 2.789999961853027344e+00
5.908714294433593750e+01 5.868756103515625000e+01 5.668152236938476562e+01 5.442732620239257812e+01 5.399293899536132812e+01 2.799999952316284180e+00
5.911378479003906250e+01 5.874280166625976562e+01 5.619766998291015625e+01 5.407920837402343750e+01 5.370635604858398438e+01 2.809999942779541016e+00
5.913920974731445312e+01 5.875027084350585938e+01 5.625399398803710938e+01 5.410062026977539062e+01 5.371351242065429688e+01 2.819999933242797852e+00
5.916485977172851562e+01 5.875815582275390625e+01 5.630993270874023438e+01 5.412289047241210938e+01 5.372092437744140625e+01 2.829999923706054688e+00
5.918964004516601562e+01 5.876589965820312500e+01 5.636658477783203125e+01 5.414384841918945312e+01 5.372882080078125000e+01 2.839999914169311523e+00
5.920975494384765625e+01 5.877346038818359375e+01 5.642287826538085938e+01 5.416491317749023438e+01 5.373889160156250000e+01 2.849999904632568359e+00
5.923212432861328125e+01 5.878123855590820312e+01 5.648080825805664062e+01 5.418569183349609375e+01 5.375371170043945312e+01 2.859999895095825195e+00
5.925498962402343750e+01 5.878867340087890625e+01 5.653558731079101562e+01 5.420729827880859375e+01 5.376995086669921875e+01 2.869999885559082031e+00
5.927821731567382812e+01 5.879572296142578125e+01 5.659299850463867188e+01 5.422897720336914062e+01 5.378514099121093750e+01 2.879999876022338867e+00
5.930144119262695312e+01 5.880316543579101562e+01 5.665239334106445312e+01 5.424996566772460938e+01 5.379930877685546875e+01 2.889999866485595703e+00
5.932268905639648438e+01 5.881013488769531250e+01 5.671289443969726562e+01 5.427244186401367188e+01 5.381116867065429688e+01 2.899999856948852539e+00
5.934037780761718750e+01 5.881687545776367188e+01 5.677529144287109375e+01 5.429415130615234375e+01 5.382321929931640625e+01 2.909999847412109375e+00
5.935335540771484375e+01 5.882438659667968750e+01 5.683814620971679688e+01 5.431667327880859375e+01 5.383510971069335938e+01 2.919999837875366211e+00
5.931763839721679688e+01 5.887479400634765625e+01 5.629328536987304688e+01 5.393334197998046875e+01 5.352888488769531250e+01 2.929999828338623047e+00
5.933190155029296875e+01 5.888226699829101562e+01 5.635851669311523438e+01 5.395431518554687500e+01 5.353600692749023438e+01 2.939999818801879883e+00
5.935021591186523438e+01 5.889025878906250000e+01 5.642480468750000000e+01 5.397528839111328125e+01 5.354356765747070312e+01 2.950000047683715820e+00
5.937154006958007812e+01 5.889811325073242188e+01 5.648986434936523438e+01 5.399708938598632812e+01 5.354919815063476562e+01 2.960000038146972656e+00
5.939249038696289062e+01 5.890571212768554688e+01 5.655791854858398438e+01 5.401877593994140625e+01 5.355386352539062500e+01 2.970000028610229492e+00
5.941299438476562500e+01 5.891429519653320312e+01 5.662677001953125000e+01 5.404181289672851562e+01 5.355769729614257812e+01 2.980000019073486328e+00
5.943132400512695312e+01 5.892227554321289062e+01 5.669482040405273438e+01 5.406550979614257812e+01 5.356497955322265625e+01 2.990000009536743164e+00
5.944737625122070312e+01 5.893075942993164062e+01 5.676092147827148438e+01 5.408909606933593750e+01 5.357244491577148438e+01 3.000000000000000000e+00
5.946641921997070312e+01 5.893907165527343750e+01 5.682999038696289062e+01 5.411381149291992188e+01 5.357645797729492188e+01 3.009999990463256836e+00
5.948781585693359375e+01 5.894729614257812500e+01 5.689749908447265625e+01 5.413866043090820312e+01 5.358275222778320312e+01 3.019999980926513672e+00
5.950768280029296875e+01 5.895629501342773438e+01 5.696639633178710938e+01 5.416337203979492188e+01 5.359340667724609375e+01 3.029999971389770508e+00
5.952676010131835938e+01 5.896440505981445312e+01 5.703637695312500000e+01 5.418688201904296875e+01 5.359914398193359375e+01 3.039999961853027344e+00
5.947114562988281250e+01 5.899045944213867188e+01 5.630980300903320312e+01 5.376034164428710938e+01 5.326929092407226562e+01 3.049999952316284180e+00
5.949378967285156250e+01 5.900112915039062500e+01 5.637405776977539062e+01 5.378087234497070312e+01 5.327454376220703125e+01 3.059999942779541016e+00
5.951457977294921875e+01 5.901108169555664062e+01 5.644147491455078125e+01 5.380150985717773438e+01 5.327990341186523438e+01 3.069999933242797852e+00
5.953431701660156250e+01 5.902072143554687500e+01 5.650859832763671875e+01 5.382179641723632812e+01 5.328409957885742188e+01 3.079999923706054688e+00
5.955714035034179688e+01 5.903131484985351562e+01 5.657225036621093750e+01 5.384218978881835938e+01 5.329183578491210938e+01 3.089999914169311523e+00
5.957934570312500000e+01 5.904079437255859375e+01 5.663458251953125000e+01 5.386223983764648438e+01 5.330257034301757812e+01 3.099999904632568359e+00
