#     Mag U    Mag U    Mag U    Mag U    Mag U    Redshift
9.379555702209472656e+00 7.480875015258789062e+00 6.664348125457763672e+00 6.236216068267822266e+00 6.022160053253173828e+00 0.000000000000000000e+00
4.406277465820312500e+01 4.217070770263671875e+01 4.133324050903320312e+01 4.090557861328125000e+01 4.069313049316406250e+01 9.999999776482582092e-03
4.496410751342773438e+01 4.307825851440429688e+01 4.221701049804687500e+01 4.179059600830078125e+01 4.157711029052734375e+01 1.999999955296516418e-02
4.564348220825195312e+01 4.375394821166992188e+01 4.286851501464843750e+01 4.244134521484375000e+01 4.222131347656250000e+01 2.999999932944774628e-02
4.615801620483398438e+01 4.426390075683593750e+01 4.335708999633789062e+01 4.293012619018554688e+01 4.270553970336914062e+01 3.999999910593032837e-02
4.661519622802734375e+01 4.471148681640625000e+01 4.378059768676757812e+01 4.335098266601562500e+01 4.312142944335937500e+01 4.999999701976776123e-02
4.698199081420898438e+01 4.506982421875000000e+01 4.412098312377929688e+01 4.368677902221679688e+01 4.344985580444335938e+01 5.999999865889549255e-02
4.733287429809570312e+01 4.540507888793945312e+01 4.444208526611328125e+01 4.400001525878906250e+01 4.375519180297851562e+01 7.000000029802322388e-02
4.761820220947265625e+01 4.568400573730468750e+01 4.470487976074218750e+01 4.425567626953125000e+01 4.400751113891601562e+01 7.999999821186065674e-02
4.791111373901367188e+01 4.596425247192382812e+01 4.496358489990234375e+01 4.450650024414062500e+01 4.425656127929687500e+01 8.999999612569808960e-02
4.815023040771484375e+01 4.619520187377929688e+01 4.517376327514648438e+01 4.471442794799804688e+01 4.445954895019531250e+01 9.999999403953552246e-02
4.840924453735351562e+01 4.643687820434570312e+01 4.539000701904296875e+01 4.492964172363281250e+01 4.467044830322265625e+01 1.099999994039535522e-01
4.862056732177734375e+01 4.663777542114257812e+01 4.556665420532226562e+01 4.510820770263671875e+01 4.484186935424804688e+01 1.199999973177909851e-01
4.885890197753906250e+01 4.685562896728515625e+01 4.575712203979492188e+01 4.529528427124023438e+01 4.502524566650390625e+01 1.299999952316284180e-01
4.905366516113281250e+01 4.703309249877929688e+01 4.591083145141601562e+01 4.544527435302734375e+01 4.517316055297851562e+01 1.400000005960464478e-01
4.914419937133789062e+01 4.709746932983398438e+01 4.594617462158203125e+01 4.547137451171875000e+01 4.519887161254882812e+01 1.499999910593032837e-01
4.949552536010742188e+01 4.742477035522460938e+01 4.624056243896484375e+01 4.575582122802734375e+01 4.548674011230468750e+01 1.599999964237213135e-01
4.967081451416015625e+01 4.757837295532226562e+01 4.636576461791992188e+01 4.587248611450195312e+01 4.560980224609375000e+01 1.700000017881393433e-01
4.987586975097656250e+01 4.775443649291992188e+01 4.651193618774414062e+01 4.600712203979492188e+01 4.574878692626953125e+01 1.799999922513961792e-01
5.002801132202148438e+01 4.789496231079101562e+01 4.662627792358398438e+01 4.611282348632812500e+01 4.585824966430664062e+01 1.899999976158142090e-01
5.021982574462890625e+01 4.806275558471679688e+01 4.676183700561523438e+01 4.623833847045898438e+01 4.598345947265625000e+01 1.999999880790710449e-01
5.036655426025390625e+01 4.819281387329101562e+01 4.686350631713867188e+01 4.633314514160156250e+01 4.607977294921875000e+01 2.099999934434890747e-01
5.054998397827148438e+01 4.835290908813476562e+01 4.698807525634765625e+01 4.644797897338867188e+01 4.619636535644531250e+01 2.199999988079071045e-01
5.073246002197265625e+01 4.850984191894531250e+01 4.710777282714843750e+01 4.655937957763671875e+01 4.630577468872070312e+01 2.299999892711639404e-01
5.087178421020507812e+01 4.862624359130859375e+01 4.719691467285156250e+01 4.664135360717773438e+01 4.638797378540039062e+01 2.399999946355819702e-01
5.104954147338867188e+01 4.877116012573242188e+01 4.731143188476562500e+01 4.674562072753906250e+01 4.649282836914062500e+01 2.500000000000000000e-01
5.118330764770507812e+01 4.887619018554687500e+01 4.739464950561523438e+01 4.682100296020507812e+01 4.657203674316406250e+01 2.599999904632568359e-01
5.128288650512695312e+01 4.893928146362304688e+01 4.743151473999023438e+01 4.684609603881835938e+01 4.660073471069335938e+01 2.699999809265136719e-01
5.152533340454101562e+01 4.914448928833007812e+01 4.761286926269531250e+01 4.701543807983398438e+01 4.677377319335937500e+01 2.800000011920928955e-01
5.165047073364257812e+01 4.923539733886718750e+01 4.769039535522460938e+01 4.708258819580078125e+01 4.684380722045898438e+01 2.899999916553497314e-01
5.175445556640625000e+01 4.929544448852539062e+01 4.773005294799804688e+01 4.710887145996093750e+01 4.686907196044921875e+01 2.999999821186065674e-01
5.198162460327148438e+01 4.948530578613281250e+01 4.789693069458007812e+01 4.726442718505859375e+01 4.701848602294921875e+01 3.100000023841857910e-01
5.209985351562500000e+01 4.956761169433593750e+01 4.796354293823242188e+01 4.732489013671875000e+01 4.707236862182617188e+01 3.199999928474426270e-01
5.225263214111328125e+01 4.968870162963867188e+01 4.805789184570312500e+01 4.741036605834960938e+01 4.714780044555664062e+01 3.299999833106994629e-01
5.239758300781250000e+01 4.980862808227539062e+01 4.815095520019531250e+01 4.749422836303710938e+01 4.722365951538085938e+01 3.400000035762786865e-01
5.248124313354492188e+01 4.988789367675781250e+01 4.821202087402343750e+01 4.754851150512695312e+01 4.727419662475585938e+01 3.499999940395355225e-01
5.260449600219726562e+01 5.000598907470703125e+01 4.830377197265625000e+01 4.763011932373046875e+01 4.735276794433593750e+01 3.599999845027923584e-01
5.268099975585937500e+01 5.008238220214843750e+01 4.836124801635742188e+01 4.768231582641601562e+01 4.739962768554687500e+01 3.700000047683715820e-01
5.278968429565429688e+01 5.019562911987304688e+01 4.845091247558593750e+01 4.776224899291992188e+01 4.746910095214843750e+01 3.799999952316284180e-01
5.290026092529296875e+01 5.029812240600585938e+01 4.854246520996093750e+01 4.784056472778320312e+01 4.753791046142578125e+01 3.899999856948852539e-01
5.300934982299804688e+01 5.039366149902343750e+01 4.863568115234375000e+01 4.791690826416015625e+01 4.760580062866210938e+01 3.999999761581420898e-01
5.308411788940429688e+01 5.044300842285156250e+01 4.869529342651367188e+01 4.796175384521484375e+01 4.764609909057617188e+01 4.099999964237213135e-01
5.319765472412109375e+01 5.053176498413085938e+01 4.878886795043945312e+01 4.803316116333007812e+01 4.771311950683593750e+01 4.199999868869781494e-01
5.331868362426757812e+01 5.061755752563476562e+01 4.888379287719726562e+01 4.810413360595703125e+01 4.777908325195312500e+01 4.299999773502349854e-01
5.340374755859375000e+01 5.066004180908203125e+01 4.894589233398437500e+01 4.814530181884765625e+01 4.781678390502929688e+01 4.399999976158142090e-01
5.352031326293945312e+01 5.074508666992187500e+01 4.904022979736328125e+01 4.821442031860351562e+01 4.787826538085937500e+01 4.499999880790710449e-01
5.363125228881835938e+01 5.082976913452148438e+01 4.913380050659179688e+01 4.828236007690429688e+01 4.794283294677734375e+01 4.599999785423278809e-01
5.369747161865234375e+01 5.087247085571289062e+01 4.918977737426757812e+01 4.831821823120117188e+01 4.797633743286132812e+01 4.699999988079071045e-01
5.379064178466796875e+01 5.095760726928710938e+01 4.928201293945312500e+01 4.838364791870117188e+01 4.803838348388671875e+01 4.799999892711639404e-01
5.387031173706054688e+01 5.104682540893554688e+01 4.937350463867187500e+01 4.844749832153320312e+01 4.809992599487304688e+01 4.899999797344207764e-01
5.391349411010742188e+01 5.109454345703125000e+01 4.942856216430664062e+01 4.847958374023437500e+01 4.812899398803710938e+01 5.000000000000000000e-01
5.398532104492187500e+01 5.118658828735351562e+01 4.951826477050781250e+01 4.854196929931640625e+01 4.818640136718750000e+01 5.099999904632568359e-01
5.405368423461914062e+01 5.127592086791992188e+01 4.960731506347656250e+01 4.860289764404296875e+01 4.824414825439453125e+01 5.199999809265136719e-01
5.411890411376953125e+01 5.136302185058593750e+01 4.969770050048828125e+01 4.866347503662109375e+01 4.829951858520507812e+01 5.299999713897705078e-01
5.415015792846679688e+01 5.141218185424804688e+01 4.975268936157226562e+01 4.868921661376953125e+01 4.832407379150390625e+01 5.399999618530273438e-01
5.421401214599609375e+01 5.148482894897460938e+01 4.983290863037109375e+01 4.874658584594726562e+01 4.838480758666992188e+01 5.500000119209289551e-01
5.428036117553710938e+01 5.156838226318359375e+01 4.991762924194335938e+01 4.880566024780273438e+01 4.844277954101562500e+01 5.600000023841857910e-01
5.434721755981445312e+01 5.165398025512695312e+01 5.000097274780273438e+01 4.886575317382812500e+01 4.850058746337890625e+01 5.699999928474426270e-01
5.435833740234375000e+01 5.168836593627929688e+01 5.003633117675781250e+01 4.888233566284179688e+01 4.851530075073242188e+01 5.799999833106994629e-01
5.442324829101562500e+01 5.177282333374023438e+01 5.011606979370117188e+01 4.894092178344726562e+01 4.856963729858398438e+01 5.899999737739562988e-01
5.445703506469726562e+01 5.182636260986328125e+01 5.016335296630859375e+01 4.896808242797851562e+01 4.859576034545898438e+01 5.999999642372131348e-01
5.454852294921875000e+01 5.194182586669921875e+01 5.026855087280273438e+01 4.905460739135742188e+01 4.867859649658203125e+01 6.100000143051147461e-01
5.454980468750000000e+01 5.197669982910156250e+01 5.029821777343750000e+01 4.907014083862304688e+01 4.868925476074218750e+01 6.200000047683715820e-01
5.461277008056640625e+01 5.206303787231445312e+01 5.037385559082031250e+01 4.912578201293945312e+01 4.874192428588867188e+01 6.299999952316284180e-01
5.467721557617187500e+01 5.215016937255859375e+01 5.044928359985351562e+01 4.918266677856445312e+01 4.879436492919921875e+01 6.399999856948852539e-01
5.474232101440429688e+01 5.223915481567382812e+01 5.052470397949218750e+01 4.924024963378906250e+01 4.884732055664062500e+01 6.499999761581420898e-01
5.473863983154296875e+01 5.227511596679687500e+01 5.055215072631835938e+01 4.925711441040039062e+01 4.885925292968750000e+01 6.599999666213989258e-01
5.480935668945312500e+01 5.236861419677734375e+01 5.062596511840820312e+01 4.931364440917968750e+01 4.890593719482421875e+01 6.699999570846557617e-01
5.487828826904296875e+01 5.246236038208007812e+01 5.069926071166992188e+01 4.937027359008789062e+01 4.895309448242187500e+01 6.800000071525573730e-01
5.495057678222656250e+01 5.255536270141601562e+01 5.077317810058593750e+01 4.942770004272460938e+01 4.899998474121093750e+01 6.899999976158142090e-01
5.495572280883789062e+01 5.258520889282226562e+01 5.079847335815429688e+01 4.944431686401367188e+01 4.900841903686523438e+01 6.999999880790710449e-01
5.502851104736328125e+01 5.267001724243164062e+01 5.087475967407226562e+01 4.950167083740234375e+01 4.905625915527343750e+01 7.099999785423278809e-01
5.510187530517578125e+01 5.275499343872070312e+01 5.094858169555664062e+01 4.955843353271484375e+01 4.910389709472656250e+01 7.199999690055847168e-01
5.517171096801757812e+01 5.284086227416992188e+01 5.101591873168945312e+01 4.961545562744140625e+01 4.914926147460937500e+01 7.299999594688415527e-01
5.524381256103515625e+01 5.292712783813476562e+01 5.107580566406250000e+01 4.967473220825195312e+01 4.919348144531250000e+01 7.400000095367431641e-01
5.525401687622070312e+01 5.295269775390625000e+01 5.107761383056640625e+01 4.969137191772460938e+01 4.919822692871093750e+01 7.500000000000000000e-01
5.532480239868164062e+01 5.304166030883789062e+01 5.113071441650390625e+01 4.975374221801757812e+01 4.924237442016601562e+01 7.599999904632568359e-01
5.539297103881835938e+01 5.313282775878906250e+01 5.118323135375976562e+01 4.981650543212890625e+01 4.928776550292968750e+01 7.699999809265136719e-01
5.546189117431640625e+01 5.322426605224609375e+01 5.123281860351562500e+01 4.987908935546875000e+01 4.933197021484375000e+01 7.799999713897705078e-01
5.552952575683593750e+01 5.331519699096679688e+01 5.128033828735351562e+01 4.994264221191406250e+01 4.937608718872070312e+01 7.899999618530273438e-01
5.553665542602539062e+01 5.333370208740234375e+01 5.127146148681640625e+01 4.995829010009765625e+01 4.937950897216796875e+01 7.999999523162841797e-01
5.560469055175781250e+01 5.342420196533203125e+01 5.132149505615234375e+01 5.002313613891601562e+01 4.942096710205078125e+01 8.100000023841857910e-01
5.566987609863281250e+01 5.351394271850585938e+01 5.137232589721679688e+01 5.008881759643554688e+01 4.946550750732421875e+01 8.199999928474426270e-01
5.573307418823242188e+01 5.360263442993164062e+01 5.142428207397460938e+01 5.015468597412109375e+01 4.950936126708984375e+01 8.299999833106994629e-01
5.579228210449218750e+01 5.369244384765625000e+01 5.147392654418945312e+01 5.021990585327148438e+01 4.954528427124023438e+01 8.399999737739562988e-01
5.577434539794921875e+01 5.370118331909179688e+01 5.145970916748046875e+01 5.021844863891601562e+01 4.952432250976562500e+01 8.499999642372131348e-01
5.582841491699218750e+01 5.379324340820312500e+01 5.151409912109375000e+01 5.028432846069335938e+01 4.957102966308593750e+01 8.599999547004699707e-01
5.587623977661132812e+01 5.388676071166992188e+01 5.156997299194335938e+01 5.034873962402343750e+01 4.961760330200195312e+01 8.700000047683715820e-01
5.592388153076171875e+01 5.398427200317382812e+01 5.162705993652343750e+01 5.041159820556640625e+01 4.966333007812500000e+01 8.799999952316284180e-01
5.597105407714843750e+01 5.408575057983398438e+01 5.168403244018554688e+01 5.047268676757812500e+01 4.970740890502929688e+01 8.899999856948852539e-01
5.601654815673828125e+01 5.418373107910156250e+01 5.173790359497070312e+01 5.053284835815429688e+01 4.974997711181640625e+01 8.999999761581420898e-01
5.600151062011718750e+01 5.418423843383789062e+01 5.172117614746093750e+01 5.052466964721679688e+01 4.973452377319335938e+01 9.099999666213989258e-01
5.604360198974609375e+01 5.426491928100585938e+01 5.177162551879882812e+01 5.058253097534179688e+01 4.978126525878906250e+01 9.199999570846557617e-01
5.608296966552734375e+01 5.433999252319335938e+01 5.182413101196289062e+01 5.064141845703125000e+01 4.982754516601562500e+01 9.300000071525573730e-01
5.612224578857421875e+01 5.440815734863281250e+01 5.187827682495117188e+01 5.069759750366210938e+01 4.987437057495117188e+01 9.399999976158142090e-01
5.615932846069335938e+01 5.447344589233398438e+01 5.193405914306640625e+01 5.075287246704101562e+01 4.991965103149414062e+01 9.499999880790710449e-01
5.613504409790039062e+01 5.443161010742187500e+01 5.191907501220703125e+01 5.073929595947265625e+01 4.989948272705078125e+01 9.599999785423278809e-01
5.617098999023437500e+01 5.448375701904296875e+01 5.197561645507812500e+01 5.079399871826171875e+01 4.994725036621093750e+01 9.699999690055847168e-01
5.620852661132812500e+01 5.453612518310546875e+01 5.203179550170898438e+01 5.085135269165039062e+01 4.999512100219726562e+01 9.799999594688415527e-01
5.624578094482421875e+01 5.458848190307617188e+01 5.208901214599609375e+01 5.090726089477539062e+01 5.004133605957031250e+01 9.899999499320983887e-01
5.628226470947265625e+01 5.464271545410156250e+01 5.214627075195312500e+01 5.096236038208007812e+01 5.008607101440429688e+01 1.000000000000000000e+00
5.631745147705078125e+01 5.470116806030273438e+01 5.220563888549804688e+01 5.101784896850585938e+01 5.013279724121093750e+01 1.009999990463256836e+00
5.635411453247070312e+01 5.476294326782226562e+01 5.226591491699218750e+01 5.107335662841796875e+01 5.018771362304687500e+01 1.019999980926513672e+00
5.631056594848632812e+01 5.472439956665039062e+01 5.224722671508789062e+01 5.105870056152343750e+01 5.017205047607421875e+01 1.029999971389770508e+00
5.634363937377929688e+01 5.479717636108398438e+01 5.230572891235351562e+01 5.111239624023437500e+01 5.022835540771484375e+01 1.039999961853027344e+00
5.637714385986328125e+01 5.487347030639648438e+01 5.236342239379882812e+01 5.116765213012695312e+01 5.027685546875000000e+01 1.049999952316284180e+00
5.641261291503906250e+01 5.495996093750000000e+01 5.242158126831054688e+01 5.122463226318359375e+01 5.033280563354492188e+01 1.059999942779541016e+00
5.643031311035156250e+01 5.503041076660156250e+01 5.246575546264648438e+01 5.126545715332031250e+01 5.037231826782226562e+01 1.069999933242797852e+00
5.646311950683593750e+01 5.511354064941406250e+01 5.252745056152343750e+01 5.132324981689453125e+01 5.042562103271484375e+01 1.079999923706054688e+00
5.637723541259765625e+01 5.506904602050781250e+01 5.251200103759765625e+01 5.130382537841796875e+01 5.040732955932617188e+01 1.090000033378601074e+00
5.640615844726562500e+01 5.513177490234375000e+01 5.257581329345703125e+01 5.135442352294921875e+01 5.045955276489257812e+01 1.100000023841857910e+00
5.643302917480468750e+01 5.518713760375976562e+01 5.263785171508789062e+01 5.139715957641601562e+01 5.051778030395507812e+01 1.110000014305114746e+00
5.645957565307617188e+01 5.523899841308593750e+01 5.269868850708007812e+01 5.143526077270507812e+01 5.056938552856445312e+01 1.120000004768371582e+00
5.648107910156250000e+01 5.528742980957031250e+01 5.275751113891601562e+01 5.147109222412109375e+01 5.062239456176757812e+01 1.129999995231628418e+00
5.650675964355468750e+01 5.533542251586914062e+01 5.281547164916992188e+01 5.150807571411132812e+01 5.067492294311523438e+01 1.139999985694885254e+00
5.653274536132812500e+01 5.538366317749023438e+01 5.287428283691406250e+01 5.154619598388671875e+01 5.072934722900390625e+01 1.149999976158142090e+00
5.655712509155273438e+01 5.542768096923828125e+01 5.293406677246093750e+01 5.158333587646484375e+01 5.077675247192382812e+01 1.159999966621398926e+00
5.650895690917968750e+01 5.533567810058593750e+01 5.289869308471679688e+01 5.153092193603515625e+01 5.073406982421875000e+01 1.169999957084655762e+00
5.653471374511718750e+01 5.537385177612304688e+01 5.296073150634765625e+01 5.156674575805664062e+01 5.078426742553710938e+01 1.179999947547912598e+00
5.655899429321289062e+01 5.541075897216796875e+01 5.302504730224609375e+01 5.160046005249023438e+01 5.082732391357421875e+01 1.189999938011169434e+00
5.656900024414062500e+01 5.543584823608398438e+01 5.307899856567382812e+01 5.162358093261718750e+01 5.086352920532226562e+01 1.199999928474426270e+00
5.659316253662109375e+01 5.547507858276367188e+01 5.314487457275390625e+01 5.166049194335937500e+01 5.090221023559570312e+01 1.209999918937683105e+00
5.663094329833984375e+01 5.552912139892578125e+01 5.322338104248046875e+01 5.170952224731445312e+01 5.096053695678710938e+01 1.220000028610229492e+00
5.665733718872070312e+01 5.557389068603515625e+01 5.328966522216796875e+01 5.174545669555664062e+01 5.100778961181640625e+01 1.230000019073486328e+00
5.668141174316406250e+01 5.562182998657226562e+01 5.335568237304687500e+01 5.178107070922851562e+01 5.106005859375000000e+01 1.240000009536743164e+00
5.665600967407226562e+01 5.553087234497070312e+01 5.331216430664062500e+01 5.172640228271484375e+01 5.102021026611328125e+01 1.250000000000000000e+00
5.667890167236328125e+01 5.557733917236328125e+01 5.337825012207031250e+01 5.176462554931640625e+01 5.106737136840820312e+01 1.259999990463256836e+00
5.670013427734375000e+01 5.562119293212890625e+01 5.344308471679687500e+01 5.180450057983398438e+01 5.111285400390625000e+01 1.269999980926513672e+00
5.672450256347656250e+01 5.565874481201171875e+01 5.351010513305664062e+01 5.184581756591796875e+01 5.115821456909179688e+01 1.279999971389770508e+00
5.674911499023437500e+01 5.569412994384765625e+01 5.357742691040039062e+01 5.188763046264648438e+01 5.120532608032226562e+01 1.289999961853027344e+00
5.677302932739257812e+01 5.572624588012695312e+01 5.364469909667968750e+01 5.192864608764648438e+01 5.125231170654296875e+01 1.299999952316284180e+00
5.679563522338867188e+01 5.575804138183593750e+01 5.371421051025390625e+01 5.196797561645507812e+01 5.130061340332031250e+01 1.309999942779541016e+00
5.681776809692382812e+01 5.579029083251953125e+01 5.378487014770507812e+01 5.200592803955078125e+01 5.134309005737304688e+01 1.319999933242797852e+00
5.676523971557617188e+01 5.556364822387695312e+01 5.363243484497070312e+01 5.186257171630859375e+01 5.122459030151367188e+01 1.329999923706054688e+00
5.678586578369140625e+01 5.559825515747070312e+01 5.370635223388671875e+01 5.189721679687500000e+01 5.126755142211914062e+01 1.339999914169311523e+00
5.680752182006835938e+01 5.563358306884765625e+01 5.378330993652343750e+01 5.193221664428710938e+01 5.131489562988281250e+01 1.350000023841857910e+00
5.682897567749023438e+01 5.567184066772460938e+01 5.386037445068359375e+01 5.196881103515625000e+01 5.136281967163085938e+01 1.360000014305114746e+00
5.684912490844726562e+01 5.571352386474609375e+01 5.393666458129882812e+01 5.200569915771484375e+01 5.141350555419921875e+01 1.370000004768371582e+00
5.687204742431640625e+01 5.575845718383789062e+01 5.400795745849609375e+01 5.204242706298828125e+01 5.146273803710937500e+01 1.379999995231628418e+00
5.689423370361328125e+01 5.580601882934570312e+01 5.407473373413085938e+01 5.207916641235351562e+01 5.150372314453125000e+01 1.389999985694885254e+00
5.686056518554687500e+01 5.576122665405273438e+01 5.404796218872070312e+01 5.204479598999023438e+01 5.145321655273437500e+01 1.399999976158142090e+00
5.688276290893554688e+01 5.581127929687500000e+01 5.410256576538085938e+01 5.208158111572265625e+01 5.148725509643554688e+01 1.409999966621398926e+00
5.690409469604492188e+01 5.585948944091796875e+01 5.415520095825195312e+01 5.211971664428710938e+01 5.150375366210937500e+01 1.419999957084655762e+00
5.692457199096679688e+01 5.590986633300781250e+01 5.420247268676757812e+01 5.215829467773437500e+01 5.153857040405273438e+01 1.429999947547912598e+00
5.694608306884765625e+01 5.596097183227539062e+01 5.424537658691406250e+01 5.219907379150390625e+01 5.157030868530273438e+01 1.439999938011169434e+00
5.694516372680664062e+01 5.597075271606445312e+01 5.423936080932617188e+01 5.220735931396484375e+01 5.156225204467773438e+01 1.449999928474426270e+00
5.696569824218750000e+01 5.602370834350585938e+01 5.427141571044921875e+01 5.225086975097656250e+01 5.159476852416992188e+01 1.459999918937683105e+00
5.698451232910156250e+01 5.607735443115234375e+01 5.430381393432617188e+01 5.229501724243164062e+01 5.162997055053710938e+01 1.469999909400939941e+00
5.700400543212890625e+01 5.613142013549804688e+01 5.433643341064453125e+01 5.234011077880859375e+01 5.165522384643554688e+01 1.480000019073486328e+00
5.691094207763671875e+01 5.605378723144531250e+01 5.428021621704101562e+01 5.232122421264648438e+01 5.162073516845703125e+01 1.490000009536743164e+00
5.692908096313476562e+01 5.610966491699218750e+01 5.431382369995117188e+01 5.236729812622070312e+01 5.165693283081054688e+01 1.500000000000000000e+00
5.694602966308593750e+01 5.616644668579101562e+01 5.435016632080078125e+01 5.241430282592773438e+01 5.168726730346679688e+01 1.509999990463256836e+00
5.696602249145507812e+01 5.622274398803710938e+01 5.438461303710937500e+01 5.246282958984375000e+01 5.172259140014648438e+01 1.519999980926513672e+00
5.699441528320312500e+01 5.619875717163085938e+01 5.434020233154296875e+01 5.244130706787109375e+01 5.168294906616210938e+01 1.529999971389770508e+00
5.701159667968750000e+01 5.625797653198242188e+01 5.438289642333984375e+01 5.249011993408203125e+01 5.171086120605468750e+01 1.539999961853027344e+00
5.703064346313476562e+01 5.631800079345703125e+01 5.443180847167968750e+01 5.253814697265625000e+01 5.173772430419921875e+01 1.549999952316284180e+00
5.704490661621093750e+01 5.637703704833984375e+01 5.448505020141601562e+01 5.258513641357421875e+01 5.176853942871093750e+01 1.559999942779541016e+00
5.706318664550781250e+01 5.643772506713867188e+01 5.453940963745117188e+01 5.263012695312500000e+01 5.179944992065429688e+01 1.569999933242797852e+00
5.708543014526367188e+01 5.640519332885742188e+01 5.450088882446289062e+01 5.259798431396484375e+01 5.175957489013671875e+01 1.579999923706054688e+00
5.710451507568359375e+01 5.646803283691406250e+01 5.455567169189453125e+01 5.263818359375000000e+01 5.179327774047851562e+01 1.589999914169311523e+00
5.712636947631835938e+01 5.653374481201171875e+01 5.460818862915039062e+01 5.267673492431640625e+01 5.183016204833984375e+01 1.599999904632568359e+00
5.714663696289062500e+01 5.659951782226562500e+01 5.465329742431640625e+01 5.271537780761718750e+01 5.186202621459960938e+01 1.610000014305114746e+00
5.717343521118164062e+01 5.657617568969726562e+01 5.459025955200195312e+01 5.267966461181640625e+01 5.182510375976562500e+01 1.620000004768371582e+00
5.719834136962890625e+01 5.664632415771484375e+01 5.462064361572265625e+01 5.272064208984375000e+01 5.185468292236328125e+01 1.629999995231628418e+00
5.722022628784179688e+01 5.671635818481445312e+01 5.464916610717773438e+01 5.276243591308593750e+01 5.188369369506835938e+01 1.639999985694885254e+00
5.724364852905273438e+01 5.678096389770507812e+01 5.467554092407226562e+01 5.280623626708984375e+01 5.191087341308593750e+01 1.649999976158142090e+00
5.726673889160156250e+01 5.684023666381835938e+01 5.470133972167968750e+01 5.285060501098632812e+01 5.193613433837890625e+01 1.659999966621398926e+00
5.731028747558593750e+01 5.679071807861328125e+01 5.461832046508789062e+01 5.281816101074218750e+01 5.189572906494140625e+01 1.669999957084655762e+00
5.733210372924804688e+01 5.684296035766601562e+01 5.464595031738281250e+01 5.286551666259765625e+01 5.192903900146484375e+01 1.679999947547912598e+00
5.735229492187500000e+01 5.689285659790039062e+01 5.467401123046875000e+01 5.291361999511718750e+01 5.196174621582031250e+01 1.689999938011169434e+00
5.737541198730468750e+01 5.693878555297851562e+01 5.470021057128906250e+01 5.296181488037109375e+01 5.199177551269531250e+01 1.699999928474426270e+00
5.739851760864257812e+01 5.698291778564453125e+01 5.472509002685546875e+01 5.301149368286132812e+01 5.202288818359375000e+01 1.709999918937683105e+00
5.743431091308593750e+01 5.689534378051757812e+01 5.462150573730468750e+01 5.297355651855468750e+01 5.197792434692382812e+01 1.719999909400939941e+00
5.745996093750000000e+01 5.694117355346679688e+01 5.464524459838867188e+01 5.302274703979492188e+01 5.200709915161132812e+01 1.730000019073486328e+00
5.748541641235351562e+01 5.698601150512695312e+01 5.466836547851562500e+01 5.307266616821289062e+01 5.203453826904296875e+01 1.740000009536743164e+00
5.751027679443359375e+01 5.703193664550781250e+01 5.469218826293945312e+01 5.312281799316406250e+01 5.206168365478515625e+01 1.750000000000000000e+00
5.753259658813476562e+01 5.707777023315429688e+01 5.471902084350585938e+01 5.317339706420898438e+01 5.209246063232421875e+01 1.759999990463256836e+00
5.757028579711914062e+01 5.699806213378906250e+01 5.461327362060546875e+01 5.313109207153320312e+01 5.204751968383789062e+01 1.769999980926513672e+00
5.758499526977539062e+01 5.704751586914062500e+01 5.464252853393554688e+01 5.318112182617187500e+01 5.208159255981445312e+01 1.779999971389770508e+00
5.760475540161132812e+01 5.709518051147460938e+01 5.467494583129882812e+01 5.323164367675781250e+01 5.211359786987304688e+01 1.789999961853027344e+00
5.761606216430664062e+01 5.714368820190429688e+01 5.470764541625976562e+01 5.328146362304687500e+01 5.215499114990234375e+01 1.799999952316284180e+00
5.763515472412109375e+01 5.718945312500000000e+01 5.474056625366210938e+01 5.333105850219726562e+01 5.219192123413085938e+01 1.809999942779541016e+00
5.765481948852539062e+01 5.723286437988281250e+01 5.477349853515625000e+01 5.337954711914062500e+01 5.222318267822265625e+01 1.819999933242797852e+00
5.766690444946289062e+01 5.714540100097656250e+01 5.465808105468750000e+01 5.332627868652343750e+01 5.217019271850585938e+01 1.829999923706054688e+00
5.768319702148437500e+01 5.718741989135742188e+01 5.468438720703125000e+01 5.337517929077148438e+01 5.220982742309570312e+01 1.839999914169311523e+00
5.770149612426757812e+01 5.722786331176757812e+01 5.470992279052734375e+01 5.342627334594726562e+01 5.225276947021484375e+01 1.849999904632568359e+00
5.770496749877929688e+01 5.722842788696289062e+01 5.469961166381835938e+01 5.345566558837890625e+01 5.228136444091796875e+01 1.860000014305114746e+00
5.771703720092773438e+01 5.727039718627929688e+01 5.472058105468750000e+01 5.351016235351562500e+01 5.232311630249023438e+01 1.870000004768371582e+00
5.773139190673828125e+01 5.731273269653320312e+01 5.474082183837890625e+01 5.356440734863281250e+01 5.236231231689453125e+01 1.879999995231628418e+00
5.770664215087890625e+01 5.721941757202148438e+01 5.464688110351562500e+01 5.353494644165039062e+01 5.233567047119140625e+01 1.889999985694885254e+00
5.772127532958984375e+01 5.726419448852539062e+01 5.466679000854492188e+01 5.358614349365234375e+01 5.237750244140625000e+01 1.899999976158142090e+00
5.773936843872070312e+01 5.730965042114257812e+01 5.468682861328125000e+01 5.363809204101562500e+01 5.241970062255859375e+01 1.909999966621398926e+00
5.775451660156250000e+01 5.735515213012695312e+01 5.470803070068359375e+01 5.368529129028320312e+01 5.245727920532226562e+01 1.919999957084655762e+00
5.776957702636718750e+01 5.739894104003906250e+01 5.473063278198242188e+01 5.373014450073242188e+01 5.248868560791015625e+01 1.929999947547912598e+00
5.778210830688476562e+01 5.744247817993164062e+01 5.475314712524414062e+01 5.377275848388671875e+01 5.251876831054687500e+01 1.939999938011169434e+00
5.779345703125000000e+01 5.748388290405273438e+01 5.477816009521484375e+01 5.381445312500000000e+01 5.255179977416992188e+01 1.949999928474426270e+00
5.770311355590820312e+01 5.718802642822265625e+01 5.449325942993164062e+01 5.361883926391601562e+01 5.240245819091796875e+01 1.959999918937683105e+00
5.771702575683593750e+01 5.723170852661132812e+01 5.452133178710937500e+01 5.365063476562500000e+01 5.243232345581054688e+01 1.969999909400939941e+00
5.773350143432617188e+01 5.727416229248046875e+01 5.455116271972656250e+01 5.367594528198242188e+01 5.246063995361328125e+01 1.979999899864196777e+00
5.774837112426757812e+01 5.731641769409179688e+01 5.458351516723632812e+01 5.369813156127929688e+01 5.249267959594726562e+01 1.990000009536743164e+00
5.776396179199218750e+01 5.735892868041992188e+01 5.461607360839843750e+01 5.371858596801757812e+01 5.252687835693359375e+01 2.000000000000000000e+00
5.777988815307617188e+01 5.740186309814453125e+01 5.464879989624023438e+01 5.374015045166015625e+01 5.255571365356445312e+01 2.009999990463256836e+00
5.779420852661132812e+01 5.744573974609375000e+01 5.468199539184570312e+01 5.376358795166015625e+01 5.258552932739257812e+01 2.019999980926513672e+00
5.780781555175781250e+01 5.748964309692382812e+01 5.471395874023437500e+01 5.378613281250000000e+01 5.261872100830078125e+01 2.029999971389770508e+00
5.782107162475585938e+01 5.753517913818359375e+01 5.474670791625976562e+01 5.380764389038085938e+01 5.265621185302734375e+01 2.039999961853027344e+00
5.783359146118164062e+01 5.758211135864257812e+01 5.478031539916992188e+01 5.383330154418945312e+01 5.269729614257812500e+01 2.049999952316284180e+00
5.784724426269531250e+01 5.762777328491210938e+01 5.481476974487304688e+01 5.385865402221679688e+01 5.273960113525390625e+01 2.059999942779541016e+00
5.732433700561523438e+01 5.709534072875976562e+01 5.449946594238281250e+01 5.363383102416992188e+01 5.258896255493164062e+01 2.069999933242797852e+00
5.733511352539062500e+01 5.713760757446289062e+01 5.453222656250000000e+01 5.366342163085937500e+01 5.262850570678710938e+01 2.079999923706054688e+00
5.734577941894531250e+01 5.717823410034179688e+01 5.456460189819335938e+01 5.369367980957031250e+01 5.266725540161132812e+01 2.089999914169311523e+00
5.735667419433593750e+01 5.721820449829101562e+01 5.459708023071289062e+01 5.372724533081054688e+01 5.270585250854492188e+01 2.099999904632568359e+00
5.736830139160156250e+01 5.725617980957031250e+01 5.463059234619140625e+01 5.376061248779296875e+01 5.274362945556640625e+01 2.109999895095825195e+00
5.737802505493164062e+01 5.729325103759765625e+01 5.466492080688476562e+01 5.379456710815429688e+01 5.278245925903320312e+01 2.119999885559082031e+00
5.738302230834960938e+01 5.732442855834960938e+01 5.469552230834960938e+01 5.382423782348632812e+01 5.281383895874023438e+01 2.129999876022338867e+00
5.739271926879882812e+01 5.736074829101562500e+01 5.473138427734375000e+01 5.386114883422851562e+01 5.285456848144531250e+01 2.139999866485595703e+00
5.740271377563476562e+01 5.739588165283203125e+01 5.476868820190429688e+01 5.389593505859375000e+01 5.289585494995117188e+01 2.149999856948852539e+00
5.741343688964843750e+01 5.743024826049804688e+01 5.480543518066406250e+01 5.393114852905273438e+01 5.293844223022460938e+01 2.159999847412109375e+00
5.742340469360351562e+01 5.746443939208984375e+01 5.484265899658203125e+01 5.396054077148437500e+01 5.298133850097656250e+01 2.169999837875366211e+00
5.744695281982421875e+01 5.740631484985351562e+01 5.452970886230468750e+01 5.372356796264648438e+01 5.281494522094726562e+01 2.180000066757202148e+00
5.745918273925781250e+01 5.745066070556640625e+01 5.456510162353515625e+01 5.374332046508789062e+01 5.285095596313476562e+01 2.190000057220458984e+00
5.746967315673828125e+01 5.749141311645507812e+01 5.460003280639648438e+01 5.375945281982421875e+01 5.288855361938476562e+01 2.200000047683715820e+00
5.748199462890625000e+01 5.753048324584960938e+01 5.463576889038085938e+01 5.377448654174804688e+01 5.292538070678710938e+01 2.210000038146972656e+00
5.749435043334960938e+01 5.756713867187500000e+01 5.467087173461914062e+01 5.378977203369140625e+01 5.296296691894531250e+01 2.220000028610229492e+00
5.750620651245117188e+01 5.760176086425781250e+01 5.470777130126953125e+01 5.380405426025390625e+01 5.300075149536132812e+01 2.230000019073486328e+00
5.751913833618164062e+01 5.763489532470703125e+01 5.474571990966796875e+01 5.381894683837890625e+01 5.303825378417968750e+01 2.240000009536743164e+00
5.753112792968750000e+01 5.766503143310546875e+01 5.478460693359375000e+01 5.383459091186523438e+01 5.307889556884765625e+01 2.250000000000000000e+00
5.754221725463867188e+01 5.769530868530273438e+01 5.482423782348632812e+01 5.384808349609375000e+01 5.312044143676757812e+01 2.259999990463256836e+00
5.794968795776367188e+01 5.798162078857421875e+01 5.448399734497070312e+01 5.359333801269531250e+01 5.293927383422851562e+01 2.269999980926513672e+00
5.796402359008789062e+01 5.803204727172851562e+01 5.452373504638671875e+01 5.360577011108398438e+01 5.297175979614257812e+01 2.279999971389770508e+00
5.797944641113281250e+01 5.807484436035156250e+01 5.456375122070312500e+01 5.361525726318359375e+01 5.300366592407226562e+01 2.289999961853027344e+00
5.799472808837890625e+01 5.811324691772460938e+01 5.460427856445312500e+01 5.362356185913085938e+01 5.303860855102539062e+01 2.299999952316284180e+00
5.801112747192382812e+01 5.814546203613281250e+01 5.464415359497070312e+01 5.363109588623046875e+01 5.307559585571289062e+01 2.309999942779541016e+00
5.802753829956054688e+01 5.817287445068359375e+01 5.468454360961914062e+01 5.363912582397460938e+01 5.310888671875000000e+01 2.319999933242797852e+00
5.804444122314453125e+01 5.819672393798828125e+01 5.472323989868164062e+01 5.364801406860351562e+01 5.313688659667968750e+01 2.329999923706054688e+00
5.806080245971679688e+01 5.821745681762695312e+01 5.476128387451171875e+01 5.365882110595703125e+01 5.317198944091796875e+01 2.339999914169311523e+00
5.807881546020507812e+01 5.823660659790039062e+01 5.480000686645507812e+01 5.367024612426757812e+01 5.320959091186523438e+01 2.349999904632568359e+00
5.808634185791015625e+01 5.808079147338867188e+01 5.437596511840820312e+01 5.338631439208984375e+01 5.300037384033203125e+01 2.359999895095825195e+00
5.810453796386718750e+01 5.810860443115234375e+01 5.441169738769531250e+01 5.339967727661132812e+01 5.302819061279296875e+01 2.369999885559082031e+00
5.812105560302734375e+01 5.813512039184570312e+01 5.444544982910156250e+01 5.341342926025390625e+01 5.304650115966796875e+01 2.379999876022338867e+00
5.813370895385742188e+01 5.815683746337890625e+01 5.447506332397460938e+01 5.342385101318359375e+01 5.304625320434570312e+01 2.389999866485595703e+00
5.814947891235351562e+01 5.818323898315429688e+01 5.450889968872070312e+01 5.343997573852539062e+01 5.305149841308593750e+01 2.399999856948852539e+00
5.816736984252929688e+01 5.820983123779296875e+01 5.454367065429687500e+01 5.345666885375976562e+01 5.307176971435546875e+01 2.409999847412109375e+00
5.818508911132812500e+01 5.823653793334960938e+01 5.457835769653320312e+01 5.347275924682617188e+01 5.309669113159179688e+01 2.419999837875366211e+00
5.820438385009765625e+01 5.826301956176757812e+01 5.461448287963867188e+01 5.348897171020507812e+01 5.312120056152343750e+01 2.429999828338623047e+00
5.822720336914062500e+01 5.829409408569335938e+01 5.465520477294921875e+01 5.350857925415039062e+01 5.314765167236328125e+01 2.440000057220458984e+00
5.820961380004882812e+01 5.806004333496093750e+01 5.420900344848632812e+01 5.320947647094726562e+01 5.290698623657226562e+01 2.450000047683715820e+00
5.822884368896484375e+01 5.810730743408203125e+01 5.424494934082031250e+01 5.321961975097656250e+01 5.291694259643554688e+01 2.460000038146972656e+00
5.824942016601562500e+01 5.815188217163085938e+01 5.428030395507812500e+01 5.322864913940429688e+01 5.293581008911132812e+01 2.470000028610229492e+00
5.826990890502929688e+01 5.819540405273437500e+01 5.431778335571289062e+01 5.323704528808593750e+01 5.295618820190429688e+01 2.480000019073486328e+00
5.829051589965820312e+01 5.823564910888671875e+01 5.435539627075195312e+01 5.324375915527343750e+01 5.297233581542968750e+01 2.490000009536743164e+00
5.831185531616210938e+01 5.827420043945312500e+01 5.439301681518554688e+01 5.325028991699218750e+01 5.298982238769531250e+01 2.500000000000000000e+00
5.833280181884765625e+01 5.830921936035156250e+01 5.442988204956054688e+01 5.325745773315429688e+01 5.301310348510742188e+01 2.509999990463256836e+00
5.835469055175781250e+01 5.834177398681640625e+01 5.446627807617187500e+01 5.326456832885742188e+01 5.303428268432617188e+01 2.519999980926513672e+00
5.837652587890625000e+01 5.837355041503906250e+01 5.450117874145507812e+01 5.327217102050781250e+01 5.305796051025390625e+01 2.529999971389770508e+00
5.834051132202148438e+01 5.800335693359375000e+01 5.400519180297851562e+01 5.294772338867187500e+01 5.280263519287109375e+01 2.539999961853027344e+00
5.836242294311523438e+01 5.805652618408203125e+01 5.403675079345703125e+01 5.295582580566406250e+01 5.282541656494140625e+01 2.549999952316284180e+00
5.838441467285156250e+01 5.810817718505859375e+01 5.406686782836914062e+01 5.296428298950195312e+01 5.284231948852539062e+01 2.559999942779541016e+00
5.840613555908203125e+01 5.815976333618164062e+01 5.409867095947265625e+01 5.297281265258789062e+01 5.286367034912109375e+01 2.569999933242797852e+00
5.842820358276367188e+01 5.820703887939453125e+01 5.413076782226562500e+01 5.298221588134765625e+01 5.288740921020507812e+01 2.579999923706054688e+00
5.845021438598632812e+01 5.825077438354492188e+01 5.416364288330078125e+01 5.299207305908203125e+01 5.291249465942382812e+01 2.589999914169311523e+00
5.847378158569335938e+01 5.829047012329101562e+01 5.419635391235351562e+01 5.300298690795898438e+01 5.293067932128906250e+01 2.599999904632568359e+00
5.849798965454101562e+01 5.832756042480468750e+01 5.423040008544921875e+01 5.301493453979492188e+01 5.294661331176757812e+01 2.609999895095825195e+00
5.839810180664062500e+01 5.756459808349609375e+01 5.372018051147460938e+01 5.269157791137695312e+01 5.265806961059570312e+01 2.619999885559082031e+00
5.842023086547851562e+01 5.761034011840820312e+01 5.375123977661132812e+01 5.270405578613281250e+01 5.266335296630859375e+01 2.629999876022338867e+00
5.844288635253906250e+01 5.765281295776367188e+01 5.378250503540039062e+01 5.271626281738281250e+01 5.266911315917968750e+01 2.639999866485595703e+00
5.846544647216796875e+01 5.769489669799804688e+01 5.381335449218750000e+01 5.272941589355468750e+01 5.267594146728515625e+01 2.649999856948852539e+00
5.848717880249023438e+01 5.773441696166992188e+01 5.384525299072265625e+01 5.274246215820312500e+01 5.268539810180664062e+01 2.659999847412109375e+00
5.851077270507812500e+01 5.777308273315429688e+01 5.387736129760742188e+01 5.275533294677734375e+01 5.269653701782226562e+01 2.669999837875366211e+00
5.853593063354492188e+01 5.781097030639648438e+01 5.390951156616210938e+01 5.276821899414062500e+01 5.270746994018554688e+01 2.679999828338623047e+00
5.839956283569335938e+01 5.678191757202148438e+01 5.344590759277343750e+01 5.247197341918945312e+01 5.243978881835937500e+01 2.690000057220458984e+00
5.842406845092773438e+01 5.682527923583984375e+01 5.347356414794921875e+01 5.248355484008789062e+01 5.244738006591796875e+01 2.700000047683715820e+00
5.844832992553710938e+01 5.686802291870117188e+01 5.350121307373046875e+01 5.249531936645507812e+01 5.245439147949218750e+01 2.710000038146972656e+00
5.847476959228515625e+01 5.691077041625976562e+01 5.352846527099609375e+01 5.250773239135742188e+01 5.246214675903320312e+01 2.720000028610229492e+00
5.849920272827148438e+01 5.695350265502929688e+01 5.355579376220703125e+01 5.251989746093750000e+01 5.246686935424804688e+01 2.730000019073486328e+00
5.852344512939453125e+01 5.699646759033203125e+01 5.358377456665039062e+01 5.253315734863281250e+01 5.247420501708984375e+01 2.740000009536743164e+00
5.854821395874023438e+01 5.704041671752929688e+01 5.361360168457031250e+01 5.254583358764648438e+01 5.247979736328125000e+01 2.750000000000000000e+00
5.857441711425781250e+01 5.708422851562500000e+01 5.364363479614257812e+01 5.255900192260742188e+01 5.248223114013671875e+01 2.759999990463256836e+00
5.843400573730468750e+01 5.605264282226562500e+01 5.316785430908203125e+01 5.225824356079101562e+01 5.220405197143554688e+01 2.769999980926513672e+00
5.845963287353515625e+01 5.609848785400390625e+01 5.319456100463867188e+01 5.226988601684570312e+01 5.220916748046875000e+01 2.779999971389770508e+00
5.848268127441406250e+01 5.614687728881835938e+01 5.322313690185546875e+01 5.228224182128906250e+01 5.221999740600585938e+01 2.789999961853027344e+00
5.850518798828125000e+01 5.619361114501953125e+01 5.325132369995117188e+01 5.229444885253906250e+01 5.222774124145507812e+01 2.799999952316284180e+00
5.852717590332031250e+01 5.624193191528320312e+01 5.328070068359375000e+01 5.230653762817382812e+01 5.223279190063476562e+01 2.809999942779541016e+00
5.854890823364257812e+01 5.628893280029296875e+01 5.331016921997070312e+01 5.231806945800781250e+01 5.223831939697265625e+01 2.819999933242797852e+00
5.835977554321289062e+01 5.535732650756835938e+01 5.283675384521484375e+01 5.201706314086914062e+01 5.195762634277343750e+01 2.829999923706054688e+00
5.837991714477539062e+01 5.540158081054687500e+01 5.286029434204101562e+01 5.202713775634765625e+01 5.196199798583984375e+01 2.839999914169311523e+00
5.839662170410156250e+01 5.544773483276367188e+01 5.288410949707031250e+01 5.203736495971679688e+01 5.196699905395507812e+01 2.849999904632568359e+00
5.841473007202148438e+01 5.549280548095703125e+01 5.290830230712890625e+01 5.204734420776367188e+01 5.197383880615234375e+01 2.859999895095825195e+00
5.843351364135742188e+01 5.553859710693359375e+01 5.293133163452148438e+01 5.205791091918945312e+01 5.198176574707031250e+01 2.869999885559082031e+00
5.845254135131835938e+01 5.558440780639648438e+01 5.295438385009765625e+01 5.206840133666992188e+01 5.198951721191406250e+01 2.879999876022338867e+00
5.822697448730468750e+01 5.483388519287109375e+01 5.252577590942382812e+01 5.179105758666992188e+01 5.173176956176757812e+01 2.889999866485595703e+00
5.824419784545898438e+01 5.488000106811523438e+01 5.254608535766601562e+01 5.180119323730468750e+01 5.173684310913085938e+01 2.899999856948852539e+00
5.825813293457031250e+01 5.492618560791015625e+01 5.256575012207031250e+01 5.181116104125976562e+01 5.174237823486328125e+01 2.909999847412109375e+00
5.826676177978515625e+01 5.497326278686523438e+01 5.258550643920898438e+01 5.182133102416992188e+01 5.174856567382812500e+01 2.919999837875366211e+00
5.827392196655273438e+01 5.502160263061523438e+01 5.260525131225585938e+01 5.183172225952148438e+01 5.175275421142578125e+01 2.929999828338623047e+00
5.828516006469726562e+01 5.507197570800781250e+01 5.262514495849609375e+01 5.184265518188476562e+01 5.175763320922851562e+01 2.939999818801879883e+00
5.807487487792968750e+01 5.449046707153320312e+01 5.224962615966796875e+01 5.159157562255859375e+01 5.151990127563476562e+01 2.950000047683715820e+00
5.809129333496093750e+01 5.453866195678710938e+01 5.226600265502929688e+01 5.160223770141601562e+01 5.152479171752929688e+01 2.960000038146972656e+00
5.810723114013671875e+01 5.458822250366210938e+01 5.228206253051757812e+01 5.161301803588867188e+01 5.152889251708984375e+01 2.970000028610229492e+00
5.812274169921875000e+01 5.463928985595703125e+01 5.229866790771484375e+01 5.162429809570312500e+01 5.153187179565429688e+01 2.980000019073486328e+00
5.813694763183593750e+01 5.469000244140625000e+01 5.231432342529296875e+01 5.163587951660156250e+01 5.153645706176757812e+01 2.990000009536743164e+00
5.791390609741210938e+01 5.412243270874023438e+01 5.193946075439453125e+01 5.137323760986328125e+01 5.128446197509765625e+01 3.000000000000000000e+00
5.792830657958984375e+01 5.417247009277343750e+01 5.195293045043945312e+01 5.138459014892578125e+01 5.128755569458007812e+01 3.009999990463256836e+00
5.794456481933593750e+01 5.422183609008789062e+01 5.196648025512695312e+01 5.139618682861328125e+01 5.129126739501953125e+01 3.019999980926513672e+00
5.795968627929687500e+01 5.427370834350585938e+01 5.198099899291992188e+01 5.140781021118164062e+01 5.129684448242187500e+01 3.029999971389770508e+00
5.797414398193359375e+01 5.432625961303710938e+01 5.199509048461914062e+01 5.141913604736328125e+01 5.129980850219726562e+01 3.039999961853027344e+00
5.772690582275390625e+01 5.372127532958984375e+01 5.160528945922851562e+01 5.113458633422851562e+01 5.102295303344726562e+01 3.049999952316284180e+00
5.774270248413085938e+01 5.377015686035156250e+01 5.161750793457031250e+01 5.114536285400390625e+01 5.102617263793945312e+01 3.059999942779541016e+00
5.775780105590820312e+01 5.382138824462890625e+01 5.163014984130859375e+01 5.115586090087890625e+01 5.102928924560546875e+01 3.069999933242797852e+00
5.777231979370117188e+01 5.387209320068359375e+01 5.164244461059570312e+01 5.116636276245117188e+01 5.103100967407226562e+01 3.079999923706054688e+00
5.752479553222656250e+01 5.333959197998046875e+01 5.129265594482421875e+01 5.089742660522460938e+01 5.077009582519531250e+01 3.089999914169311523e+00
5.753993988037109375e+01 5.338497924804687500e+01 5.130327224731445312e+01 5.090730285644531250e+01 5.077505874633789062e+01 3.099999904632568359e+00
