#     Mag U    Mag U    Mag U    Mag U    Mag U    Redshift
9.488154411315917969e+00 7.580418109893798828e+00 6.759943962097167969e+00 6.329820632934570312e+00 6.115306854248046875e+00 0.000000000000000000e+00
4.417397689819335938e+01 4.227365875244140625e+01 4.143154907226562500e+01 4.100113677978515625e+01 4.078774642944335938e+01 9.999999776482582092e-03
4.510290145874023438e+01 4.320568466186523438e+01 4.233823394775390625e+01 4.190809249877929688e+01 4.169314193725585938e+01 1.999999955296516418e-02
4.575365447998046875e+01 4.385239028930664062e+01 4.296026992797851562e+01 4.252895736694335938e+01 4.230691528320312500e+01 2.999999932944774628e-02
4.626945495605468750e+01 4.436314773559570312e+01 4.344863891601562500e+01 4.301726913452148438e+01 4.279045867919921875e+01 3.999999910593032837e-02
4.672720336914062500e+01 4.481107711791992188e+01 4.387240219116210938e+01 4.343833160400390625e+01 4.320651245117187500e+01 4.999999701976776123e-02
4.709749603271484375e+01 4.517082595825195312e+01 4.421392059326171875e+01 4.377502059936523438e+01 4.353560638427734375e+01 5.999999865889549255e-02
4.744906616210937500e+01 4.550627517700195312e+01 4.453532028198242188e+01 4.408839797973632812e+01 4.384103775024414062e+01 7.000000029802322388e-02
4.773767471313476562e+01 4.578628540039062500e+01 4.479911041259765625e+01 4.434476089477539062e+01 4.409393692016601562e+01 7.999999821186065674e-02
4.803137588500976562e+01 4.606680679321289062e+01 4.505810165405273438e+01 4.459573364257812500e+01 4.434316635131835938e+01 8.999999612569808960e-02
4.827436828613281250e+01 4.630103683471679688e+01 4.527006149291992188e+01 4.480484008789062500e+01 4.454701614379882812e+01 9.999999403953552246e-02
4.853411102294921875e+01 4.654307937622070312e+01 4.548657226562500000e+01 4.502034378051757812e+01 4.475811386108398438e+01 1.099999994039535522e-01
4.875091171264648438e+01 4.674607849121093750e+01 4.566456604003906250e+01 4.520011901855468750e+01 4.493046188354492188e+01 1.199999973177909851e-01
4.899016952514648438e+01 4.696445465087890625e+01 4.585533905029296875e+01 4.538755035400390625e+01 4.511405181884765625e+01 1.299999952316284180e-01
4.922123336791992188e+01 4.717183685302734375e+01 4.603506088256835938e+01 4.556175613403320312e+01 4.528499221801757812e+01 1.400000005960464478e-01
4.931310653686523438e+01 4.723695373535156250e+01 4.607080841064453125e+01 4.558818054199218750e+01 4.531095504760742188e+01 1.499999910593032837e-01
4.963446807861328125e+01 4.753925704956054688e+01 4.634144592285156250e+01 4.584991836547851562e+01 4.557692718505859375e+01 1.599999964237213135e-01
4.981307983398437500e+01 4.769594573974609375e+01 4.646861267089843750e+01 4.596810150146484375e+01 4.570142745971679688e+01 1.700000017881393433e-01
5.001902389526367188e+01 4.787277603149414062e+01 4.661510848999023438e+01 4.610293960571289062e+01 4.584071350097656250e+01 1.799999922513961792e-01
5.018112945556640625e+01 4.801705932617187500e+01 4.673108673095703125e+01 4.620969390869140625e+01 4.595103836059570312e+01 1.899999976158142090e-01
5.037390518188476562e+01 4.818583297729492188e+01 4.686703491210937500e+01 4.633549499511718750e+01 4.607653045654296875e+01 1.999999880790710449e-01
5.056198883056640625e+01 4.835073852539062500e+01 4.699698257446289062e+01 4.645589447021484375e+01 4.619711685180664062e+01 2.099999934434890747e-01
5.070801162719726562e+01 4.848194503784179688e+01 4.709626007080078125e+01 4.654716110229492188e+01 4.629100418090820312e+01 2.199999988079071045e-01
5.089054870605468750e+01 4.864001464843750000e+01 4.721635055541992188e+01 4.665880203247070312e+01 4.640056228637695312e+01 2.299999892711639404e-01
5.103529357910156250e+01 4.876090621948242188e+01 4.730770874023437500e+01 4.674220657348632812e+01 4.648390197753906250e+01 2.399999946355819702e-01
5.121262359619140625e+01 4.890685653686523438e+01 4.742271423339843750e+01 4.684672927856445312e+01 4.658906555175781250e+01 2.500000000000000000e-01
5.138906860351562500e+01 4.904899215698242188e+01 4.753541183471679688e+01 4.694844436645507812e+01 4.669340896606445312e+01 2.599999904632568359e-01
5.148722076416015625e+01 4.911348342895507812e+01 4.757294845581054688e+01 4.697395324707031250e+01 4.672264480590820312e+01 2.699999809265136719e-01
5.169298553466796875e+01 4.928761291503906250e+01 4.772774124145507812e+01 4.711874771118164062e+01 4.687224197387695312e+01 2.800000011920928955e-01
5.181489944458007812e+01 4.938214874267578125e+01 4.780781936645507812e+01 4.718770599365234375e+01 4.694400024414062500e+01 2.899999916553497314e-01
5.191673660278320312e+01 4.944305419921875000e+01 4.784816360473632812e+01 4.721436309814453125e+01 4.696966171264648438e+01 2.999999821186065674e-01
5.214185333251953125e+01 4.963375473022460938e+01 4.801569366455078125e+01 4.737027359008789062e+01 4.711931610107421875e+01 3.100000023841857910e-01
5.226242446899414062e+01 4.972017669677734375e+01 4.808472824096679688e+01 4.743223190307617188e+01 4.717433929443359375e+01 3.199999928474426270e-01
5.241253280639648438e+01 4.984217071533203125e+01 4.817964935302734375e+01 4.751806259155273438e+01 4.724992370605468750e+01 3.299999833106994629e-01
5.255480575561523438e+01 4.996313095092773438e+01 4.827325820922851562e+01 4.760228729248046875e+01 4.732597351074218750e+01 3.400000035762786865e-01
5.264334869384765625e+01 5.004571914672851562e+01 4.833644485473632812e+01 4.765830993652343750e+01 4.737807846069335938e+01 3.499999940395355225e-01
5.276431655883789062e+01 5.016494750976562500e+01 4.842881011962890625e+01 4.774032974243164062e+01 4.745707702636718750e+01 3.599999845027923584e-01
5.287802124023437500e+01 5.028459167480468750e+01 4.851973342895507812e+01 4.782152938842773438e+01 4.753113937377929688e+01 3.700000047683715820e-01
5.294555664062500000e+01 5.036007308959960938e+01 4.857946395874023438e+01 4.787488555908203125e+01 4.757522583007812500e+01 3.799999952316284180e-01
5.305380630493164062e+01 5.046337127685546875e+01 4.867177200317382812e+01 4.795369720458984375e+01 4.764429473876953125e+01 3.899999856948852539e-01
5.316054153442382812e+01 5.055944824218750000e+01 4.876579666137695312e+01 4.803052139282226562e+01 4.771244812011718750e+01 3.999999761581420898e-01
5.323486328125000000e+01 5.061120605468750000e+01 4.882820129394531250e+01 4.807720565795898438e+01 4.775422668457031250e+01 4.099999964237213135e-01
5.334552001953125000e+01 5.070001220703125000e+01 4.892276000976562500e+01 4.814900970458984375e+01 4.782153701782226562e+01 4.199999868869781494e-01
5.346305084228515625e+01 5.078567504882812500e+01 4.901869583129882812e+01 4.822039794921875000e+01 4.788783264160156250e+01 4.299999773502349854e-01
5.354328536987304688e+01 5.082769775390625000e+01 4.908197784423828125e+01 4.826269912719726562e+01 4.792675018310546875e+01 4.399999976158142090e-01
5.365648269653320312e+01 5.091278839111328125e+01 4.917733383178710938e+01 4.833228302001953125e+01 4.798863220214843750e+01 4.499999880790710449e-01
5.376424026489257812e+01 5.099757385253906250e+01 4.927194595336914062e+01 4.840070343017578125e+01 4.805361175537109375e+01 4.599999785423278809e-01
5.382203674316406250e+01 5.104183578491210938e+01 4.933077621459960938e+01 4.843828201293945312e+01 4.808856582641601562e+01 4.699999988079071045e-01
5.391227722167968750e+01 5.112727355957031250e+01 4.942410659790039062e+01 4.850421142578125000e+01 4.815096664428710938e+01 4.799999892711639404e-01
5.398992919921875000e+01 5.121702957153320312e+01 4.951668548583984375e+01 4.856853485107421875e+01 4.821284866333007812e+01 4.899999797344207764e-01
5.406450653076171875e+01 5.130881500244140625e+01 4.960920333862304688e+01 4.863205337524414062e+01 4.827112197875976562e+01 5.000000000000000000e-01
5.410562896728515625e+01 5.135861968994140625e+01 4.966378784179687500e+01 4.866476058959960938e+01 4.830083465576171875e+01 5.099999904632568359e-01
5.417177200317382812e+01 5.144856262207031250e+01 4.975396347045898438e+01 4.872615051269531250e+01 4.835887145996093750e+01 5.199999809265136719e-01
5.423461914062500000e+01 5.153607559204101562e+01 4.984554290771484375e+01 4.878720855712890625e+01 4.841448593139648438e+01 5.299999713897705078e-01
5.426314163208007812e+01 5.158551406860351562e+01 4.990168380737304688e+01 4.881343460083007812e+01 4.843939971923828125e+01 5.399999618530273438e-01
5.433103179931640625e+01 5.166097259521484375e+01 4.998738098144531250e+01 4.887675476074218750e+01 4.850648498535156250e+01 5.500000119209289551e-01
5.439440155029296875e+01 5.174477386474609375e+01 5.007309341430664062e+01 4.893632888793945312e+01 4.856488800048828125e+01 5.600000023841857910e-01
5.445806884765625000e+01 5.183074188232421875e+01 5.015745162963867188e+01 4.899697113037109375e+01 4.862315750122070312e+01 5.699999928474426270e-01
5.450106048583984375e+01 5.187314224243164062e+01 5.020335388183593750e+01 4.902647781372070312e+01 4.865157699584960938e+01 5.799999833106994629e-01
5.456341552734375000e+01 5.195798873901367188e+01 5.028395080566406250e+01 4.908550643920898438e+01 4.870626831054687500e+01 5.899999737739562988e-01
5.459444808959960938e+01 5.201194381713867188e+01 5.033204650878906250e+01 4.911307144165039062e+01 4.873276901245117188e+01 5.999999642372131348e-01
5.468332672119140625e+01 5.212782287597656250e+01 5.043792724609375000e+01 4.919995880126953125e+01 4.881595230102539062e+01 6.100000143051147461e-01
5.471990203857421875e+01 5.217040252685546875e+01 5.047448348999023438e+01 4.922328948974609375e+01 4.883451843261718750e+01 6.200000047683715820e-01
5.478052902221679688e+01 5.225738143920898438e+01 5.055067443847656250e+01 4.927927780151367188e+01 4.888753509521484375e+01 6.299999952316284180e-01
5.484234237670898438e+01 5.234511947631835938e+01 5.062659454345703125e+01 4.933656311035156250e+01 4.894035339355468750e+01 6.399999856948852539e-01
5.490457916259765625e+01 5.243482589721679688e+01 5.070254898071289062e+01 4.939460754394531250e+01 4.899358367919921875e+01 6.499999761581420898e-01
5.494715118408203125e+01 5.248204421997070312e+01 5.073805999755859375e+01 4.941958618164062500e+01 4.901339340209960938e+01 6.599999666213989258e-01
5.501528930664062500e+01 5.257689285278320312e+01 5.081245040893554688e+01 4.947658920288085938e+01 4.906042098999023438e+01 6.699999570846557617e-01
5.508145523071289062e+01 5.267215347290039062e+01 5.088638305664062500e+01 4.953370285034179688e+01 4.910797119140625000e+01 6.800000071525573730e-01
5.515066146850585938e+01 5.276667404174804688e+01 5.096095275878906250e+01 4.959161758422851562e+01 4.915520858764648438e+01 6.899999976158142090e-01
5.521846008300781250e+01 5.285620498657226562e+01 5.103654861450195312e+01 4.965046691894531250e+01 4.920283889770507812e+01 6.999999880790710449e-01
5.526635742187500000e+01 5.289424896240234375e+01 5.106926345825195312e+01 4.967021942138671875e+01 4.921526718139648438e+01 7.099999785423278809e-01
5.533678436279296875e+01 5.298061370849609375e+01 5.114380645751953125e+01 4.972758483886718750e+01 4.926332855224609375e+01 7.199999690055847168e-01
5.540375900268554688e+01 5.306785583496093750e+01 5.121175384521484375e+01 4.978524398803710938e+01 4.930906295776367188e+01 7.299999594688415527e-01
5.547251892089843750e+01 5.315564727783203125e+01 5.127206802368164062e+01 4.984514617919921875e+01 4.935363006591796875e+01 7.400000095367431641e-01
5.549576568603515625e+01 5.319272994995117188e+01 5.127928924560546875e+01 4.986227035522460938e+01 4.935621261596679688e+01 7.500000000000000000e-01
5.556254577636718750e+01 5.328357315063476562e+01 5.133253097534179688e+01 4.992543792724609375e+01 4.940078735351562500e+01 7.599999904632568359e-01
5.562684249877929688e+01 5.337663650512695312e+01 5.138504791259765625e+01 4.998902511596679688e+01 4.944665908813476562e+01 7.699999809265136719e-01
5.569177627563476562e+01 5.346995544433593750e+01 5.143437957763671875e+01 5.005244064331054688e+01 4.949136734008789062e+01 7.799999713897705078e-01
5.575525283813476562e+01 5.356270980834960938e+01 5.148152923583984375e+01 5.011692428588867188e+01 4.953598403930664062e+01 7.899999618530273438e-01
5.576945877075195312e+01 5.359613037109375000e+01 5.148093795776367188e+01 5.013933944702148438e+01 4.954331588745117188e+01 7.999999523162841797e-01
5.583278656005859375e+01 5.368837356567382812e+01 5.153090667724609375e+01 5.020545959472656250e+01 4.958526611328125000e+01 8.100000023841857910e-01
5.589359283447265625e+01 5.377981185913085938e+01 5.158190155029296875e+01 5.027246856689453125e+01 4.963038635253906250e+01 8.199999928474426270e-01
5.595235443115234375e+01 5.387017440795898438e+01 5.163419723510742188e+01 5.033970260620117188e+01 4.967475128173828125e+01 8.299999833106994629e-01
5.600739669799804688e+01 5.396183013916015625e+01 5.168416976928710938e+01 5.040629959106445312e+01 4.971084594726562500e+01 8.399999737739562988e-01
5.606044006347656250e+01 5.405422592163085938e+01 5.173678970336914062e+01 5.047298049926757812e+01 4.975517654418945312e+01 8.499999642372131348e-01
5.605155944824218750e+01 5.408447647094726562e+01 5.174239730834960938e+01 5.049564361572265625e+01 4.976242065429687500e+01 8.599999547004699707e-01
5.609555435180664062e+01 5.418114852905273438e+01 5.179920196533203125e+01 5.056117630004882812e+01 4.980952453613281250e+01 8.700000047683715820e-01
5.614001464843750000e+01 5.428247070312500000e+01 5.185728454589843750e+01 5.062503814697265625e+01 4.985585784912109375e+01 8.799999952316284180e-01
5.618462371826171875e+01 5.438807296752929688e+01 5.191531372070312500e+01 5.068705368041992188e+01 4.990051269531250000e+01 8.899999856948852539e-01
5.622781753540039062e+01 5.449000930786132812e+01 5.196991729736328125e+01 5.074805450439453125e+01 4.994362640380859375e+01 8.999999761581420898e-01
5.621464157104492188e+01 5.451564025878906250e+01 5.197110748291015625e+01 5.075996398925781250e+01 4.994865417480468750e+01 9.099999666213989258e-01
5.625381088256835938e+01 5.459856033325195312e+01 5.202216339111328125e+01 5.081858062744140625e+01 4.999596405029296875e+01 9.199999570846557617e-01
5.629039764404296875e+01 5.467512893676757812e+01 5.207533645629882812e+01 5.087828063964843750e+01 5.004287338256835938e+01 9.300000071525573730e-01
5.632709503173828125e+01 5.474421691894531250e+01 5.213026046752929688e+01 5.093517303466796875e+01 5.009030151367187500e+01 9.399999976158142090e-01
5.636179351806640625e+01 5.481067657470703125e+01 5.218684387207031250e+01 5.099095535278320312e+01 5.013597869873046875e+01 9.499999880790710449e-01
5.639657211303710938e+01 5.486524581909179688e+01 5.224409484863281250e+01 5.104542541503906250e+01 5.017803955078125000e+01 9.599999785423278809e-01
5.639043045043945312e+01 5.484486007690429688e+01 5.224549102783203125e+01 5.104973602294921875e+01 5.018251800537109375e+01 9.699999690055847168e-01
5.642583465576171875e+01 5.489884567260742188e+01 5.230240249633789062e+01 5.110750579833984375e+01 5.023109054565429688e+01 9.799999594688415527e-01
5.646109390258789062e+01 5.495286178588867188e+01 5.236028671264648438e+01 5.116382598876953125e+01 5.027790451049804688e+01 9.899999499320983887e-01
5.649584960937500000e+01 5.500867462158203125e+01 5.241819381713867188e+01 5.121929550170898438e+01 5.032320404052734375e+01 1.000000000000000000e+00
5.652931976318359375e+01 5.506872940063476562e+01 5.247833633422851562e+01 5.127521896362304688e+01 5.037055206298828125e+01 1.009999990463256836e+00
5.656440734863281250e+01 5.513224792480468750e+01 5.253954315185546875e+01 5.133129882812500000e+01 5.042615127563476562e+01 1.019999980926513672e+00
5.656025314331054688e+01 5.512138748168945312e+01 5.253841400146484375e+01 5.133414459228515625e+01 5.042898941040039062e+01 1.029999971389770508e+00
5.659179306030273438e+01 5.519749069213867188e+01 5.259778976440429688e+01 5.138860321044921875e+01 5.048612594604492188e+01 1.039999961853027344e+00
5.662392807006835938e+01 5.527776718139648438e+01 5.265653228759765625e+01 5.144480514526367188e+01 5.053542327880859375e+01 1.049999952316284180e+00
5.665813827514648438e+01 5.536950302124023438e+01 5.271579360961914062e+01 5.150251770019531250e+01 5.059225082397460938e+01 1.059999942779541016e+00
5.667466735839843750e+01 5.544540786743164062e+01 5.276119232177734375e+01 5.154393768310546875e+01 5.063318634033203125e+01 1.069999933242797852e+00
5.670633316040039062e+01 5.553421401977539062e+01 5.282444763183593750e+01 5.160219192504882812e+01 5.068800354003906250e+01 1.079999923706054688e+00
5.674639129638671875e+01 5.562970733642578125e+01 5.290258407592773438e+01 5.167319488525390625e+01 5.076073455810546875e+01 1.090000033378601074e+00
5.671150970458984375e+01 5.559558105468750000e+01 5.289770889282226562e+01 5.165629577636718750e+01 5.074761199951171875e+01 1.100000023841857910e+00
5.673737716674804688e+01 5.565446853637695312e+01 5.296155166625976562e+01 5.169894790649414062e+01 5.080688095092773438e+01 1.110000014305114746e+00
5.676303863525390625e+01 5.570930099487304688e+01 5.302398681640625000e+01 5.173691940307617188e+01 5.085942840576171875e+01 1.120000004768371582e+00
5.678337478637695312e+01 5.576034164428710938e+01 5.308418273925781250e+01 5.177227020263671875e+01 5.091329574584960938e+01 1.129999995231628418e+00
5.680821228027343750e+01 5.581077194213867188e+01 5.314340209960937500e+01 5.180887985229492188e+01 5.096658325195312500e+01 1.139999985694885254e+00
5.683342361450195312e+01 5.586134338378906250e+01 5.320357894897460938e+01 5.184654235839843750e+01 5.102184295654296875e+01 1.149999976158142090e+00
5.685708999633789062e+01 5.590719223022460938e+01 5.326471710205078125e+01 5.188283920288085938e+01 5.106972885131835938e+01 1.159999966621398926e+00
5.683613967895507812e+01 5.584319686889648438e+01 5.325046157836914062e+01 5.185010910034179688e+01 5.104800796508789062e+01 1.169999957084655762e+00
5.686123275756835938e+01 5.588239288330078125e+01 5.331401443481445312e+01 5.188489151000976562e+01 5.109855651855468750e+01 1.179999947547912598e+00
5.688486862182617188e+01 5.591999816894531250e+01 5.337998580932617188e+01 5.191772079467773438e+01 5.114223098754882812e+01 1.189999938011169434e+00
5.689420700073242188e+01 5.594548034667968750e+01 5.343568801879882812e+01 5.194014739990234375e+01 5.117901992797851562e+01 1.199999928474426270e+00
5.691785430908203125e+01 5.598496627807617188e+01 5.350335693359375000e+01 5.197671508789062500e+01 5.121750259399414062e+01 1.209999918937683105e+00
5.695522689819335938e+01 5.603927993774414062e+01 5.358372497558593750e+01 5.202558898925781250e+01 5.127592086791992188e+01 1.220000028610229492e+00
5.698140335083007812e+01 5.608458709716796875e+01 5.365187835693359375e+01 5.206145095825195312e+01 5.132310485839843750e+01 1.230000019073486328e+00
5.700521850585937500e+01 5.613336563110351562e+01 5.371982192993164062e+01 5.209713745117187500e+01 5.137581634521484375e+01 1.240000009536743164e+00
5.697729873657226562e+01 5.607278823852539062e+01 5.370553207397460938e+01 5.206543731689453125e+01 5.135400390625000000e+01 1.250000000000000000e+00
5.700001144409179688e+01 5.612007904052734375e+01 5.377366638183593750e+01 5.210433578491210938e+01 5.140179061889648438e+01 1.259999990463256836e+00
5.702120971679687500e+01 5.616465759277343750e+01 5.384048843383789062e+01 5.214511489868164062e+01 5.144768905639648438e+01 1.269999980926513672e+00
5.704551315307617188e+01 5.620287322998046875e+01 5.390945434570312500e+01 5.218746566772460938e+01 5.149364852905273438e+01 1.279999971389770508e+00
5.707003784179687500e+01 5.623874282836914062e+01 5.397876739501953125e+01 5.223040008544921875e+01 5.154119110107421875e+01 1.289999961853027344e+00
5.709383773803710938e+01 5.627125930786132812e+01 5.404804611206054688e+01 5.227253723144531250e+01 5.158881378173828125e+01 1.299999952316284180e+00
5.711640548706054688e+01 5.630333328247070312e+01 5.411975860595703125e+01 5.231283187866210938e+01 5.163811111450195312e+01 1.309999942779541016e+00
5.713855743408203125e+01 5.633591842651367188e+01 5.419280624389648438e+01 5.235161590576171875e+01 5.168211746215820312e+01 1.319999933242797852e+00
5.716024398803710938e+01 5.636774826049804688e+01 5.426737594604492188e+01 5.238832473754882812e+01 5.173410797119140625e+01 1.329999923706054688e+00
5.710807418823242188e+01 5.627744674682617188e+01 5.425419998168945312e+01 5.234927368164062500e+01 5.170558166503906250e+01 1.339999914169311523e+00
5.712963104248046875e+01 5.631216812133789062e+01 5.433626174926757812e+01 5.238500213623046875e+01 5.175430679321289062e+01 1.350000023841857910e+00
5.715103912353515625e+01 5.634976196289062500e+01 5.441867065429687500e+01 5.242240905761718750e+01 5.180409622192382812e+01 1.360000014305114746e+00
5.717107772827148438e+01 5.639062881469726562e+01 5.450039291381835938e+01 5.246023178100585938e+01 5.185678482055664062e+01 1.370000004768371582e+00
5.719391632080078125e+01 5.643437576293945312e+01 5.457653808593750000e+01 5.249788665771484375e+01 5.190797424316406250e+01 1.379999995231628418e+00
5.721601867675781250e+01 5.648055267333984375e+01 5.464697265625000000e+01 5.253567886352539062e+01 5.195053863525390625e+01 1.389999985694885254e+00
5.723701095581054688e+01 5.652869033813476562e+01 5.471169662475585938e+01 5.257345199584960938e+01 5.196982574462890625e+01 1.399999976158142090e+00
5.725918197631835938e+01 5.657666397094726562e+01 5.476803970336914062e+01 5.261138916015625000e+01 5.200411987304687500e+01 1.409999966621398926e+00
5.728078460693359375e+01 5.662252426147460938e+01 5.482207489013671875e+01 5.265071105957031250e+01 5.201931762695312500e+01 1.419999957084655762e+00
5.716872406005859375e+01 5.651484298706054688e+01 5.475936889648437500e+01 5.260105514526367188e+01 5.196377944946289062e+01 1.429999947547912598e+00
5.719027709960937500e+01 5.656281661987304688e+01 5.480353927612304688e+01 5.264299774169921875e+01 5.199479293823242188e+01 1.439999938011169434e+00
5.721175765991210938e+01 5.661173248291015625e+01 5.483852005004882812e+01 5.268589401245117188e+01 5.202027511596679688e+01 1.449999928474426270e+00
5.723234176635742188e+01 5.666093444824218750e+01 5.487235641479492188e+01 5.273053741455078125e+01 5.205013275146484375e+01 1.459999918937683105e+00
5.725109481811523438e+01 5.671043014526367188e+01 5.490679550170898438e+01 5.277579498291015625e+01 5.208308410644531250e+01 1.469999909400939941e+00
5.727052688598632812e+01 5.676017761230468750e+01 5.494137191772460938e+01 5.282176971435546875e+01 5.210756683349609375e+01 1.480000019073486328e+00
5.728956604003906250e+01 5.681031417846679688e+01 5.497657775878906250e+01 5.286781311035156250e+01 5.213257598876953125e+01 1.490000009536743164e+00
5.730808258056640625e+01 5.686179733276367188e+01 5.501261901855468750e+01 5.291503143310546875e+01 5.216832351684570312e+01 1.500000000000000000e+00
5.732524490356445312e+01 5.691371917724609375e+01 5.505143356323242188e+01 5.296338653564453125e+01 5.219836044311523438e+01 1.509999990463256836e+00
5.734557342529296875e+01 5.696489334106445312e+01 5.508824539184570312e+01 5.301387405395507812e+01 5.223471450805664062e+01 1.519999980926513672e+00
5.729921722412109375e+01 5.689448165893554688e+01 5.501840209960937500e+01 5.297220993041992188e+01 5.217671585083007812e+01 1.529999971389770508e+00
5.731719589233398438e+01 5.694745254516601562e+01 5.506455612182617188e+01 5.302426910400390625e+01 5.220445251464843750e+01 1.539999961853027344e+00
5.733612442016601562e+01 5.700076293945312500e+01 5.511784744262695312e+01 5.307594680786132812e+01 5.223119354248046875e+01 1.549999952316284180e+00
5.735005950927734375e+01 5.705276107788085938e+01 5.517637634277343750e+01 5.312680053710937500e+01 5.226291656494140625e+01 1.559999942779541016e+00
5.736819076538085938e+01 5.710590744018554688e+01 5.523653411865234375e+01 5.317532730102539062e+01 5.229512023925781250e+01 1.569999933242797852e+00
5.738758850097656250e+01 5.715930938720703125e+01 5.530198287963867188e+01 5.322008895874023438e+01 5.232940673828125000e+01 1.579999923706054688e+00
5.740598678588867188e+01 5.721202468872070312e+01 5.536467742919921875e+01 5.326305389404296875e+01 5.236560058593750000e+01 1.589999914169311523e+00
5.742664337158203125e+01 5.726594161987304688e+01 5.542531585693359375e+01 5.330413436889648438e+01 5.240552520751953125e+01 1.599999904632568359e+00
5.744575500488281250e+01 5.731917572021484375e+01 5.547740173339843750e+01 5.334527969360351562e+01 5.243899536132812500e+01 1.610000014305114746e+00
5.746534347534179688e+01 5.737387084960937500e+01 5.552137374877929688e+01 5.338670349121093750e+01 5.247303771972656250e+01 1.620000004768371582e+00
5.748798370361328125e+01 5.742678070068359375e+01 5.555732345581054688e+01 5.343055343627929688e+01 5.250418853759765625e+01 1.629999995231628418e+00
5.746067428588867188e+01 5.737992858886718750e+01 5.545501327514648438e+01 5.337183380126953125e+01 5.244087219238281250e+01 1.639999985694885254e+00
5.748248291015625000e+01 5.742869186401367188e+01 5.548533630371093750e+01 5.341824340820312500e+01 5.246890640258789062e+01 1.649999976158142090e+00
5.750374984741210938e+01 5.747216415405273438e+01 5.551484298706054688e+01 5.346522140502929688e+01 5.249428558349609375e+01 1.659999966621398926e+00
5.752405166625976562e+01 5.751051712036132812e+01 5.554734039306640625e+01 5.351500701904296875e+01 5.252386093139648438e+01 1.669999957084655762e+00
5.754449462890625000e+01 5.754508209228515625e+01 5.557918930053710938e+01 5.356571197509765625e+01 5.255855941772460938e+01 1.679999947547912598e+00
5.756381225585937500e+01 5.757684707641601562e+01 5.561123657226562500e+01 5.361720275878906250e+01 5.259305191040039062e+01 1.689999938011169434e+00
5.758506774902343750e+01 5.760577011108398438e+01 5.564089965820312500e+01 5.366861343383789062e+01 5.262364959716796875e+01 1.699999928474426270e+00
5.760577774047851562e+01 5.763286209106445312e+01 5.566870880126953125e+01 5.372137832641601562e+01 5.265589523315429688e+01 1.709999918937683105e+00
5.762628173828125000e+01 5.765911102294921875e+01 5.569350814819335938e+01 5.377385711669921875e+01 5.268716430664062500e+01 1.719999909400939941e+00
5.764715194702148438e+01 5.768490600585937500e+01 5.571951293945312500e+01 5.382653045654296875e+01 5.271666336059570312e+01 1.730000019073486328e+00
5.766796493530273438e+01 5.770984268188476562e+01 5.574433135986328125e+01 5.387981796264648438e+01 5.274439239501953125e+01 1.740000009536743164e+00
5.768831634521484375e+01 5.773478317260742188e+01 5.576969909667968750e+01 5.393315124511718750e+01 5.277178955078125000e+01 1.750000000000000000e+00
5.770677566528320312e+01 5.775919342041015625e+01 5.579794692993164062e+01 5.398696517944335938e+01 5.280247497558593750e+01 1.759999990463256836e+00
5.766196060180664062e+01 5.766811752319335938e+01 5.555927276611328125e+01 5.382424545288085938e+01 5.265302658081054688e+01 1.769999980926513672e+00
5.767548751831054688e+01 5.769526290893554688e+01 5.559117507934570312e+01 5.387756729125976562e+01 5.268832397460937500e+01 1.779999971389770508e+00
5.769197082519531250e+01 5.772124481201171875e+01 5.562698364257812500e+01 5.393165969848632812e+01 5.272164916992187500e+01 1.789999961853027344e+00
5.770260620117187500e+01 5.774674606323242188e+01 5.566329956054687500e+01 5.398543167114257812e+01 5.276511383056640625e+01 1.799999952316284180e+00
5.771796035766601562e+01 5.777076721191406250e+01 5.569998168945312500e+01 5.403934097290039062e+01 5.280393218994140625e+01 1.809999942779541016e+00
5.773398208618164062e+01 5.779325103759765625e+01 5.573663711547851562e+01 5.409247970581054688e+01 5.283646011352539062e+01 1.819999933242797852e+00
5.774777984619140625e+01 5.781427764892578125e+01 5.577013397216796875e+01 5.414812469482421875e+01 5.286994552612304688e+01 1.829999923706054688e+00
5.776158142089843750e+01 5.783420562744140625e+01 5.580004119873046875e+01 5.420348358154296875e+01 5.291181182861328125e+01 1.839999914169311523e+00
5.777625656127929688e+01 5.785316085815429688e+01 5.582885360717773438e+01 5.426202392578125000e+01 5.295562362670898438e+01 1.849999904632568359e+00
5.779159545898437500e+01 5.787171936035156250e+01 5.585357666015625000e+01 5.432205581665039062e+01 5.300323104858398438e+01 1.860000014305114746e+00
5.780330657958984375e+01 5.789014816284179688e+01 5.587747192382812500e+01 5.438526916503906250e+01 5.304782485961914062e+01 1.870000004768371582e+00
5.775305938720703125e+01 5.784769439697265625e+01 5.580215072631835938e+01 5.436057662963867188e+01 5.301695251464843750e+01 1.879999995231628418e+00
5.776791000366210938e+01 5.786610412597656250e+01 5.582470321655273438e+01 5.442163085937500000e+01 5.305971145629882812e+01 1.889999985694885254e+00
5.778121566772460938e+01 5.788413619995117188e+01 5.584722137451171875e+01 5.448011016845703125e+01 5.310624313354492188e+01 1.899999976158142090e+00
5.779608917236328125e+01 5.790174484252929688e+01 5.587022781372070312e+01 5.453817749023437500e+01 5.315267944335937500e+01 1.909999966621398926e+00
5.780971527099609375e+01 5.791921615600585938e+01 5.589430618286132812e+01 5.458994293212890625e+01 5.319440078735351562e+01 1.919999957084655762e+00
5.782292938232421875e+01 5.793589019775390625e+01 5.591993713378906250e+01 5.463784408569335938e+01 5.322866058349609375e+01 1.929999947547912598e+00
5.783465957641601562e+01 5.795216751098632812e+01 5.594554901123046875e+01 5.468290328979492188e+01 5.326068115234375000e+01 1.939999938011169434e+00
5.782317733764648438e+01 5.794884490966796875e+01 5.592882156372070312e+01 5.468790435791015625e+01 5.326190948486328125e+01 1.949999928474426270e+00
5.783587265014648438e+01 5.796399307250976562e+01 5.596052169799804688e+01 5.473116683959960938e+01 5.329674911499023438e+01 1.959999918937683105e+00
5.784819030761718750e+01 5.797820281982421875e+01 5.599374008178710938e+01 5.476626968383789062e+01 5.332920455932617188e+01 1.969999909400939941e+00
5.786250686645507812e+01 5.799194717407226562e+01 5.602938079833984375e+01 5.479478454589843750e+01 5.335987854003906250e+01 1.979999899864196777e+00
5.787586593627929688e+01 5.800535202026367188e+01 5.606830215454101562e+01 5.481989669799804688e+01 5.339552688598632812e+01 1.990000009536743164e+00
5.788941574096679688e+01 5.801849746704101562e+01 5.610690307617187500e+01 5.484322357177734375e+01 5.343308639526367188e+01 2.000000000000000000e+00
5.790309906005859375e+01 5.803144836425781250e+01 5.614544677734375000e+01 5.486790847778320312e+01 5.346378326416015625e+01 2.009999990463256836e+00
5.779594039916992188e+01 5.789986801147460938e+01 5.606106948852539062e+01 5.480766677856445312e+01 5.342713165283203125e+01 2.019999980926513672e+00
5.780801391601562500e+01 5.791292190551757812e+01 5.609789276123046875e+01 5.483347702026367188e+01 5.346368408203125000e+01 2.029999971389770508e+00
5.781958007812500000e+01 5.792617797851562500e+01 5.613560867309570312e+01 5.485773849487304688e+01 5.350513076782226562e+01 2.039999961853027344e+00
5.783114242553710938e+01 5.793931961059570312e+01 5.617529296875000000e+01 5.488713836669921875e+01 5.355115127563476562e+01 2.049999952316284180e+00
5.784321594238281250e+01 5.795223999023437500e+01 5.621607589721679688e+01 5.491569900512695312e+01 5.359717941284179688e+01 2.059999942779541016e+00
5.785335159301757812e+01 5.796469879150390625e+01 5.625655364990234375e+01 5.494725036621093750e+01 5.364207839965820312e+01 2.069999933242797852e+00
5.788422393798828125e+01 5.801301956176757812e+01 5.619888687133789062e+01 5.489871597290039062e+01 5.361346054077148438e+01 2.079999923706054688e+00
5.789499664306640625e+01 5.802566146850585938e+01 5.624037551879882812e+01 5.493685150146484375e+01 5.365765762329101562e+01 2.089999914169311523e+00
5.790598678588867188e+01 5.803781509399414062e+01 5.628217315673828125e+01 5.498023986816406250e+01 5.370170974731445312e+01 2.099999904632568359e+00
5.791773223876953125e+01 5.804959869384765625e+01 5.632473373413085938e+01 5.502418899536132812e+01 5.374496841430664062e+01 2.109999895095825195e+00
5.792752075195312500e+01 5.806117248535156250e+01 5.636867904663085938e+01 5.506980514526367188e+01 5.378917694091796875e+01 2.119999885559082031e+00
5.793270111083984375e+01 5.806678390502929688e+01 5.640969467163085938e+01 5.511210250854492188e+01 5.382569885253906250e+01 2.129999876022338867e+00
5.794275283813476562e+01 5.807765197753906250e+01 5.645639801025390625e+01 5.516318130493164062e+01 5.387197875976562500e+01 2.139999866485595703e+00
5.795315170288085938e+01 5.808833694458007812e+01 5.650464630126953125e+01 5.521182632446289062e+01 5.391862869262695312e+01 2.149999856948852539e+00
5.798712158203125000e+01 5.812687683105468750e+01 5.644086456298828125e+01 5.516316986083984375e+01 5.388773727416992188e+01 2.159999847412109375e+00
5.799743652343750000e+01 5.813821029663085938e+01 5.648948287963867188e+01 5.520325469970703125e+01 5.393638992309570312e+01 2.169999837875366211e+00
5.801247024536132812e+01 5.815425872802734375e+01 5.654315567016601562e+01 5.524344253540039062e+01 5.399252700805664062e+01 2.180000066757202148e+00
5.802478790283203125e+01 5.816474533081054688e+01 5.659392547607421875e+01 5.527058029174804688e+01 5.403735733032226562e+01 2.190000057220458984e+00
5.803533554077148438e+01 5.817507934570312500e+01 5.664422607421875000e+01 5.529150772094726562e+01 5.408408737182617188e+01 2.200000047683715820e+00
5.804758453369140625e+01 5.818515777587890625e+01 5.669469070434570312e+01 5.531064987182617188e+01 5.413000106811523438e+01 2.210000038146972656e+00
5.806000137329101562e+01 5.819519042968750000e+01 5.674526596069335938e+01 5.533010864257812500e+01 5.417758178710937500e+01 2.220000028610229492e+00
5.809020996093750000e+01 5.824440765380859375e+01 5.668447113037109375e+01 5.524642944335937500e+01 5.414245223999023438e+01 2.230000019073486328e+00
5.810376358032226562e+01 5.825458145141601562e+01 5.673909759521484375e+01 5.526530456542968750e+01 5.419026184082031250e+01 2.240000009536743164e+00
5.811636352539062500e+01 5.826454925537109375e+01 5.679476165771484375e+01 5.528580093383789062e+01 5.424305343627929688e+01 2.250000000000000000e+00
5.812802886962890625e+01 5.827465438842773438e+01 5.685190200805664062e+01 5.530382156372070312e+01 5.429750823974609375e+01 2.259999990463256836e+00
5.814080047607421875e+01 5.828430938720703125e+01 5.691221237182617188e+01 5.532215881347656250e+01 5.434666824340820312e+01 2.269999980926513672e+00
5.815394210815429688e+01 5.829387664794921875e+01 5.697452545166015625e+01 5.533979034423828125e+01 5.439191436767578125e+01 2.279999971389770508e+00
5.816754531860351562e+01 5.830313491821289062e+01 5.703660202026367188e+01 5.535268783569335938e+01 5.443385696411132812e+01 2.289999961853027344e+00
5.818118667602539062e+01 5.831226730346679688e+01 5.709687423706054688e+01 5.536378479003906250e+01 5.448197937011718750e+01 2.299999952316284180e+00
5.822786331176757812e+01 5.838589859008789062e+01 5.702053833007812500e+01 5.526073837280273438e+01 5.443660736083984375e+01 2.309999942779541016e+00
5.824208068847656250e+01 5.839430236816406250e+01 5.707493972778320312e+01 5.527011108398437500e+01 5.447515869140625000e+01 2.319999933242797852e+00
5.825698852539062500e+01 5.840244674682617188e+01 5.712474060058593750e+01 5.528056716918945312e+01 5.450351333618164062e+01 2.329999923706054688e+00
5.827138900756835938e+01 5.841070556640625000e+01 5.717089843750000000e+01 5.529400253295898438e+01 5.454464721679687500e+01 2.339999914169311523e+00
5.828769683837890625e+01 5.841838836669921875e+01 5.721573638916015625e+01 5.530837631225585938e+01 5.459042358398437500e+01 2.349999904632568359e+00
5.830437088012695312e+01 5.842584609985351562e+01 5.725817489624023438e+01 5.532485961914062500e+01 5.463757324218750000e+01 2.359999895095825195e+00
5.832077789306640625e+01 5.843330383300781250e+01 5.729989624023437500e+01 5.534439849853515625e+01 5.467297744750976562e+01 2.369999885559082031e+00
5.833567810058593750e+01 5.844078063964843750e+01 5.733856582641601562e+01 5.536536788940429688e+01 5.469447708129882812e+01 2.379999876022338867e+00
5.834751129150390625e+01 5.844351196289062500e+01 5.737236022949218750e+01 5.538449478149414062e+01 5.469683456420898438e+01 2.389999866485595703e+00
5.841016006469726562e+01 5.848902130126953125e+01 5.725502395629882812e+01 5.528365707397460938e+01 5.460064315795898438e+01 2.399999856948852539e+00
5.842727661132812500e+01 5.849659347534179688e+01 5.729444503784179688e+01 5.531042480468750000e+01 5.462309265136718750e+01 2.409999847412109375e+00
5.844387054443359375e+01 5.850428390502929688e+01 5.733257675170898438e+01 5.533688735961914062e+01 5.465420532226562500e+01 2.419999837875366211e+00
5.846250534057617188e+01 5.851177978515625000e+01 5.737276077270507812e+01 5.536319732666015625e+01 5.468549346923828125e+01 2.429999828338623047e+00
5.848486328125000000e+01 5.852344894409179688e+01 5.741682052612304688e+01 5.539215469360351562e+01 5.471567535400390625e+01 2.440000057220458984e+00
5.850236129760742188e+01 5.853030395507812500e+01 5.745727157592773438e+01 5.541431045532226562e+01 5.473457717895507812e+01 2.450000047683715820e+00
5.852080917358398438e+01 5.853701782226562500e+01 5.749855804443359375e+01 5.543340682983398438e+01 5.474576568603515625e+01 2.460000038146972656e+00
5.854055023193359375e+01 5.854373931884765625e+01 5.753861618041992188e+01 5.544979095458984375e+01 5.477059555053710938e+01 2.470000028610229492e+00
5.860610198974609375e+01 5.860847854614257812e+01 5.743052673339843750e+01 5.532789611816406250e+01 5.468749237060546875e+01 2.480000019073486328e+00
5.862552261352539062e+01 5.861520767211914062e+01 5.747323989868164062e+01 5.533992385864257812e+01 5.470922088623046875e+01 2.490000009536743164e+00
5.864617538452148438e+01 5.862188720703125000e+01 5.751554870605468750e+01 5.535197830200195312e+01 5.473587417602539062e+01 2.500000000000000000e+00
5.866660308837890625e+01 5.862854766845703125e+01 5.755567932128906250e+01 5.536495971679687500e+01 5.477444076538085938e+01 2.509999990463256836e+00
5.868809127807617188e+01 5.863479995727539062e+01 5.759530258178710938e+01 5.537750244140625000e+01 5.480826568603515625e+01 2.519999980926513672e+00
5.870939254760742188e+01 5.864106750488281250e+01 5.763113403320312500e+01 5.539139175415039062e+01 5.484719467163085938e+01 2.529999971389770508e+00
5.873070526123046875e+01 5.864713287353515625e+01 5.766640472412109375e+01 5.540679168701171875e+01 5.489297866821289062e+01 2.539999961853027344e+00
5.875190353393554688e+01 5.865295791625976562e+01 5.769983673095703125e+01 5.542274856567382812e+01 5.493347549438476562e+01 2.549999952316284180e+00
5.877315139770507812e+01 5.865918731689453125e+01 5.773178482055664062e+01 5.543959808349609375e+01 5.496301651000976562e+01 2.559999942779541016e+00
5.878055191040039062e+01 5.870474624633789062e+01 5.761449813842773438e+01 5.530886077880859375e+01 5.488051986694335938e+01 2.569999933242797852e+00
5.880223464965820312e+01 5.871044540405273438e+01 5.765060043334960938e+01 5.532741928100585938e+01 5.492904281616210938e+01 2.579999923706054688e+00
5.882368087768554688e+01 5.871606063842773438e+01 5.768818283081054688e+01 5.534651184082031250e+01 5.497378921508789062e+01 2.589999914169311523e+00
5.884656143188476562e+01 5.872215270996093750e+01 5.772592544555664062e+01 5.536852264404296875e+01 5.500611877441406250e+01 2.599999904632568359e+00
5.887012481689453125e+01 5.872818374633789062e+01 5.776507186889648438e+01 5.539262390136718750e+01 5.503181838989257812e+01 2.609999895095825195e+00
5.889250564575195312e+01 5.873414993286132812e+01 5.780440902709960938e+01 5.541841888427734375e+01 5.504360198974609375e+01 2.619999885559082031e+00
5.890697097778320312e+01 5.872634506225585938e+01 5.780091094970703125e+01 5.541259384155273438e+01 5.502003097534179688e+01 2.629999876022338867e+00
5.893088912963867188e+01 5.873247146606445312e+01 5.784073638916015625e+01 5.544028091430664062e+01 5.502629852294921875e+01 2.639999866485595703e+00
5.895380020141601562e+01 5.873883819580078125e+01 5.787955474853515625e+01 5.546890258789062500e+01 5.503369903564453125e+01 2.649999856948852539e+00
5.897574615478515625e+01 5.874513626098632812e+01 5.791886138916015625e+01 5.549677658081054688e+01 5.504483795166015625e+01 2.659999847412109375e+00
5.899936676025390625e+01 5.875149154663085938e+01 5.795723724365234375e+01 5.552500534057617188e+01 5.505983734130859375e+01 2.669999837875366211e+00
5.898469543457031250e+01 5.871880722045898438e+01 5.785091400146484375e+01 5.543243408203125000e+01 5.497508621215820312e+01 2.679999828338623047e+00
5.900833892822265625e+01 5.872541046142578125e+01 5.788805007934570312e+01 5.545891571044921875e+01 5.499369812011718750e+01 2.690000057220458984e+00
5.903352737426757812e+01 5.873180389404296875e+01 5.792417907714843750e+01 5.548607254028320312e+01 5.500609207153320312e+01 2.700000047683715820e+00
5.905767440795898438e+01 5.873816299438476562e+01 5.795851516723632812e+01 5.551372146606445312e+01 5.502005004882812500e+01 2.710000038146972656e+00
5.908386993408203125e+01 5.874488067626953125e+01 5.799182891845703125e+01 5.554329681396484375e+01 5.503661727905273438e+01 2.720000028610229492e+00
5.910744857788085938e+01 5.875127792358398438e+01 5.802482604980468750e+01 5.557202529907226562e+01 5.504442214965820312e+01 2.730000019073486328e+00
5.913171005249023438e+01 5.875798797607421875e+01 5.805702590942382812e+01 5.560338211059570312e+01 5.505460357666015625e+01 2.740000009536743164e+00
5.915648269653320312e+01 5.876451492309570312e+01 5.809062576293945312e+01 5.563396453857421875e+01 5.506188964843750000e+01 2.750000000000000000e+00
5.918285751342773438e+01 5.877132797241210938e+01 5.812347793579101562e+01 5.566505432128906250e+01 5.506383895874023438e+01 2.759999990463256836e+00
5.920834732055664062e+01 5.877830505371093750e+01 5.815810775756835938e+01 5.569525909423828125e+01 5.506478881835937500e+01 2.769999980926513672e+00
5.923526000976562500e+01 5.878555679321289062e+01 5.819202041625976562e+01 5.572664642333984375e+01 5.506541824340820312e+01 2.779999971389770508e+00
5.926043319702148438e+01 5.879251480102539062e+01 5.822761154174804688e+01 5.575989151000976562e+01 5.508545303344726562e+01 2.789999961853027344e+00
5.928518295288085938e+01 5.879976654052734375e+01 5.826343154907226562e+01 5.579336547851562500e+01 5.509814834594726562e+01 2.799999952316284180e+00
5.923683929443359375e+01 5.872408676147460938e+01 5.797044372558593750e+01 5.548346710205078125e+01 5.482870864868164062e+01 2.809999942779541016e+00
5.926139831542968750e+01 5.873091125488281250e+01 5.801407241821289062e+01 5.551511001586914062e+01 5.483564758300781250e+01 2.819999933242797852e+00
5.928585815429687500e+01 5.873818588256835938e+01 5.805695343017578125e+01 5.554822540283203125e+01 5.484486007690429688e+01 2.829999923706054688e+00
5.930994796752929688e+01 5.874533081054687500e+01 5.809934234619140625e+01 5.557997512817382812e+01 5.485588836669921875e+01 2.839999914169311523e+00
5.933018493652343750e+01 5.875234222412109375e+01 5.814016723632812500e+01 5.561178588867187500e+01 5.487082672119140625e+01 2.849999904632568359e+00
5.935215377807617188e+01 5.875955581665039062e+01 5.818121337890625000e+01 5.564366912841796875e+01 5.489330673217773438e+01 2.859999895095825195e+00
5.937432098388671875e+01 5.876647949218750000e+01 5.821918869018554688e+01 5.567610931396484375e+01 5.491688919067382812e+01 2.869999885559082031e+00
5.939707946777343750e+01 5.877303695678710938e+01 5.825780105590820312e+01 5.570923614501953125e+01 5.493908309936523438e+01 2.879999876022338867e+00
5.941989135742187500e+01 5.877997207641601562e+01 5.829640579223632812e+01 5.574187469482421875e+01 5.496024322509765625e+01 2.889999866485595703e+00
5.944119644165039062e+01 5.878645324707031250e+01 5.833440780639648438e+01 5.577617263793945312e+01 5.497841262817382812e+01 2.899999856948852539e+00
5.946026992797851562e+01 5.879273986816406250e+01 5.837248992919921875e+01 5.580925750732421875e+01 5.499637603759765625e+01 2.909999847412109375e+00
5.947732543945312500e+01 5.879977416992187500e+01 5.840970230102539062e+01 5.584380340576171875e+01 5.501336288452148438e+01 2.919999837875366211e+00
5.949382781982421875e+01 5.880604171752929688e+01 5.844729232788085938e+01 5.587823867797851562e+01 5.502289962768554688e+01 2.929999828338623047e+00
5.951140594482421875e+01 5.881251907348632812e+01 5.848434829711914062e+01 5.591448974609375000e+01 5.503274917602539062e+01 2.939999818801879883e+00
5.953094100952148438e+01 5.881951522827148438e+01 5.852079772949218750e+01 5.595163345336914062e+01 5.504303741455078125e+01 2.950000047683715820e+00
5.955240249633789062e+01 5.882646179199218750e+01 5.855495071411132812e+01 5.598995590209960938e+01 5.505066299438476562e+01 2.960000038146972656e+00
5.957367706298828125e+01 5.883318710327148438e+01 5.858877182006835938e+01 5.602893829345703125e+01 5.505754852294921875e+01 2.970000028610229492e+00
5.959466934204101562e+01 5.884086608886718750e+01 5.862091445922851562e+01 5.607034301757812500e+01 5.506381225585937500e+01 2.980000019073486328e+00
5.961388397216796875e+01 5.884801864624023438e+01 5.865110778808593750e+01 5.611286544799804688e+01 5.507440948486328125e+01 2.990000009536743164e+00
5.963182449340820312e+01 5.885572433471679688e+01 5.867896270751953125e+01 5.615480041503906250e+01 5.508560943603515625e+01 3.000000000000000000e+00
5.901614761352539062e+01 5.823427200317382812e+01 5.812079620361328125e+01 5.576206588745117188e+01 5.478732681274414062e+01 3.009999990463256836e+00
5.903566741943359375e+01 5.824113082885742188e+01 5.814568328857421875e+01 5.579999542236328125e+01 5.479703521728515625e+01 3.019999980926513672e+00
5.905471801757812500e+01 5.824869155883789062e+01 5.816898345947265625e+01 5.583677291870117188e+01 5.481246566772460938e+01 3.029999971389770508e+00
5.907307052612304688e+01 5.825547790527343750e+01 5.819113159179687500e+01 5.587068176269531250e+01 5.482220458984375000e+01 3.039999961853027344e+00
5.909117507934570312e+01 5.826278686523437500e+01 5.821143341064453125e+01 5.590384674072265625e+01 5.482873916625976562e+01 3.049999952316284180e+00
5.910997009277343750e+01 5.827011489868164062e+01 5.823165512084960938e+01 5.593558502197265625e+01 5.483914566040039062e+01 3.059999942779541016e+00
5.912757873535156250e+01 5.827684783935546875e+01 5.825122451782226562e+01 5.596688079833984375e+01 5.484985733032226562e+01 3.069999933242797852e+00
5.914431381225585938e+01 5.828343963623046875e+01 5.826943588256835938e+01 5.599745559692382812e+01 5.486149978637695312e+01 3.079999923706054688e+00
5.916178131103515625e+01 5.829099655151367188e+01 5.828544998168945312e+01 5.602832031250000000e+01 5.487717819213867188e+01 3.089999914169311523e+00
5.917805099487304688e+01 5.829766464233398438e+01 5.830041885375976562e+01 5.605822372436523438e+01 5.489594268798828125e+01 3.099999904632568359e+00
