#     Mag U    Mag U    Mag U    Mag U    Mag U    Redshift
9.488154411315917969e+00 7.580418109893798828e+00 6.759943962097167969e+00 6.329820632934570312e+00 6.115306854248046875e+00 0.000000000000000000e+00
4.417397689819335938e+01 4.227365875244140625e+01 4.143154907226562500e+01 4.100113677978515625e+01 4.078774642944335938e+01 9.999999776482582092e-03
4.510290145874023438e+01 4.320568466186523438e+01 4.233823394775390625e+01 4.190809249877929688e+01 4.169314193725585938e+01 1.999999955296516418e-02
4.575365447998046875e+01 4.385239028930664062e+01 4.296026992797851562e+01 4.252895736694335938e+01 4.230691528320312500e+01 2.999999932944774628e-02
4.629758071899414062e+01 4.438843154907226562e+01 4.347224807739257812e+01 4.303985595703125000e+01 4.281258773803710938e+01 3.999999910593032837e-02
4.672720336914062500e+01 4.481107711791992188e+01 4.387240219116210938e+01 4.343833160400390625e+01 4.320651245117187500e+01 4.999999701976776123e-02
4.712401962280273438e+01 4.519483184814453125e+01 4.423661804199218750e+01 4.379675292968750000e+01 4.355684661865234375e+01 5.999999865889549255e-02
4.744906616210937500e+01 4.550627517700195312e+01 4.453532028198242188e+01 4.408839797973632812e+01 4.384103775024414062e+01 7.000000029802322388e-02
4.776684188842773438e+01 4.581183624267578125e+01 4.482226562500000000e+01 4.436660766601562500e+01 4.411515045166015625e+01 7.999999821186065674e-02
4.803137588500976562e+01 4.606680679321289062e+01 4.505810165405273438e+01 4.459573364257812500e+01 4.434316635131835938e+01 8.999999612569808960e-02
4.830329513549804688e+01 4.632564544677734375e+01 4.529330444335937500e+01 4.482698440551757812e+01 4.456859970092773438e+01 9.999999403953552246e-02
4.853411102294921875e+01 4.654307937622070312e+01 4.548657226562500000e+01 4.502034378051757812e+01 4.475811386108398438e+01 1.099999994039535522e-01
4.878101730346679688e+01 4.677262878417968750e+01 4.568840789794921875e+01 4.522245788574218750e+01 4.495200729370117188e+01 1.199999973177909851e-01
4.899016952514648438e+01 4.696445465087890625e+01 4.585533905029296875e+01 4.538755035400390625e+01 4.511405181884765625e+01 1.299999952316284180e-01
4.922123336791992188e+01 4.717183685302734375e+01 4.603506088256835938e+01 4.556175613403320312e+01 4.528499221801757812e+01 1.400000005960464478e-01
4.931310653686523438e+01 4.723695373535156250e+01 4.607080841064453125e+01 4.558818054199218750e+01 4.531095504760742188e+01 1.499999910593032837e-01
4.963446807861328125e+01 4.753925704956054688e+01 4.634144592285156250e+01 4.584991836547851562e+01 4.557692718505859375e+01 1.599999964237213135e-01
4.981307983398437500e+01 4.769594573974609375e+01 4.646861267089843750e+01 4.596810150146484375e+01 4.570142745971679688e+01 1.700000017881393433e-01
5.001902389526367188e+01 4.787277603149414062e+01 4.661510848999023438e+01 4.610293960571289062e+01 4.584071350097656250e+01 1.799999922513961792e-01
5.021458435058593750e+01 4.804599380493164062e+01 4.675655364990234375e+01 4.623344039916992188e+01 4.597387695312500000e+01 1.899999976158142090e-01
5.037390518188476562e+01 4.818583297729492188e+01 4.686703491210937500e+01 4.633549499511718750e+01 4.607653045654296875e+01 1.999999880790710449e-01
5.056198883056640625e+01 4.835073852539062500e+01 4.699698257446289062e+01 4.645589447021484375e+01 4.619711685180664062e+01 2.099999934434890747e-01
5.070801162719726562e+01 4.848194503784179688e+01 4.709626007080078125e+01 4.654716110229492188e+01 4.629100418090820312e+01 2.199999988079071045e-01
5.089054870605468750e+01 4.864001464843750000e+01 4.721635055541992188e+01 4.665880203247070312e+01 4.640056228637695312e+01 2.299999892711639404e-01
5.107155990600585938e+01 4.879245758056640625e+01 4.733433914184570312e+01 4.676670455932617188e+01 4.650732803344726562e+01 2.399999946355819702e-01
5.121262359619140625e+01 4.890685653686523438e+01 4.742271423339843750e+01 4.684672927856445312e+01 4.658906555175781250e+01 2.500000000000000000e-01
5.138906860351562500e+01 4.904899215698242188e+01 4.753541183471679688e+01 4.694844436645507812e+01 4.669340896606445312e+01 2.599999904632568359e-01
5.148722076416015625e+01 4.911348342895507812e+01 4.757294845581054688e+01 4.697395324707031250e+01 4.672264480590820312e+01 2.699999809265136719e-01
5.169298553466796875e+01 4.928761291503906250e+01 4.772774124145507812e+01 4.711874771118164062e+01 4.687224197387695312e+01 2.800000011920928955e-01
5.185962295532226562e+01 4.941700744628906250e+01 4.783573532104492188e+01 4.721297454833984375e+01 4.696818542480468750e+01 2.899999916553497314e-01
5.196140289306640625e+01 4.947815704345703125e+01 4.787622833251953125e+01 4.723970794677734375e+01 4.699393463134765625e+01 2.999999821186065674e-01
5.214185333251953125e+01 4.963375473022460938e+01 4.801569366455078125e+01 4.737027359008789062e+01 4.711931610107421875e+01 3.100000023841857910e-01
5.229914855957031250e+01 4.975672149658203125e+01 4.811421585083007812e+01 4.745846557617187500e+01 4.719928741455078125e+01 3.199999928474426270e-01
5.241253280639648438e+01 4.984217071533203125e+01 4.817964935302734375e+01 4.751806259155273438e+01 4.724992370605468750e+01 3.299999833106994629e-01
5.255480575561523438e+01 4.996313095092773438e+01 4.827325820922851562e+01 4.760228729248046875e+01 4.732597351074218750e+01 3.400000035762786865e-01
5.267937850952148438e+01 5.008340454101562500e+01 4.836645126342773438e+01 4.768494033813476562e+01 4.740333938598632812e+01 3.499999940395355225e-01
5.276431655883789062e+01 5.016494750976562500e+01 4.842881011962890625e+01 4.774032974243164062e+01 4.745707702636718750e+01 3.599999845027923584e-01
5.287802124023437500e+01 5.028459167480468750e+01 4.851973342895507812e+01 4.782152938842773438e+01 4.753113937377929688e+01 3.700000047683715820e-01
5.294555664062500000e+01 5.036007308959960938e+01 4.857946395874023438e+01 4.787488555908203125e+01 4.757522583007812500e+01 3.799999952316284180e-01
5.305380630493164062e+01 5.046337127685546875e+01 4.867177200317382812e+01 4.795369720458984375e+01 4.764429473876953125e+01 3.899999856948852539e-01
5.316054153442382812e+01 5.055944824218750000e+01 4.876579666137695312e+01 4.803052139282226562e+01 4.771244812011718750e+01 3.999999761581420898e-01
5.327067947387695312e+01 5.065161132812500000e+01 4.885996627807617188e+01 4.810509872436523438e+01 4.778045654296875000e+01 4.099999964237213135e-01
5.334552001953125000e+01 5.070001220703125000e+01 4.892276000976562500e+01 4.814900970458984375e+01 4.782153701782226562e+01 4.199999868869781494e-01
5.346305084228515625e+01 5.078567504882812500e+01 4.901869583129882812e+01 4.822039794921875000e+01 4.788783264160156250e+01 4.299999773502349854e-01
5.357558822631835938e+01 5.086924362182617188e+01 4.911579132080078125e+01 4.829146194458007812e+01 4.795355606079101562e+01 4.399999976158142090e-01
5.365648269653320312e+01 5.091278839111328125e+01 4.917733383178710938e+01 4.833228302001953125e+01 4.798863220214843750e+01 4.499999880790710449e-01
5.376424026489257812e+01 5.099757385253906250e+01 4.927194595336914062e+01 4.840070343017578125e+01 4.805361175537109375e+01 4.599999785423278809e-01
5.386084365844726562e+01 5.108341217041015625e+01 4.936471939086914062e+01 4.846757507324218750e+01 4.811604690551757812e+01 4.699999988079071045e-01
5.391227722167968750e+01 5.112727355957031250e+01 4.942410659790039062e+01 4.850421142578125000e+01 4.815096664428710938e+01 4.799999892711639404e-01
5.398992919921875000e+01 5.121702957153320312e+01 4.951668548583984375e+01 4.856853485107421875e+01 4.821284866333007812e+01 4.899999797344207764e-01
5.406450653076171875e+01 5.130881500244140625e+01 4.960920333862304688e+01 4.863205337524414062e+01 4.827112197875976562e+01 5.000000000000000000e-01
5.413351440429687500e+01 5.140184020996093750e+01 4.970028686523437500e+01 4.869503402709960938e+01 4.832889175415039062e+01 5.099999904632568359e-01
5.417177200317382812e+01 5.144856262207031250e+01 4.975396347045898438e+01 4.872615051269531250e+01 4.835887145996093750e+01 5.199999809265136719e-01
5.423461914062500000e+01 5.153607559204101562e+01 4.984554290771484375e+01 4.878720855712890625e+01 4.841448593139648438e+01 5.299999713897705078e-01
5.426314163208007812e+01 5.158551406860351562e+01 4.990168380737304688e+01 4.881343460083007812e+01 4.843939971923828125e+01 5.399999618530273438e-01
5.433103179931640625e+01 5.166097259521484375e+01 4.998738098144531250e+01 4.887675476074218750e+01 4.850648498535156250e+01 5.500000119209289551e-01
5.439440155029296875e+01 5.174477386474609375e+01 5.007309341430664062e+01 4.893632888793945312e+01 4.856488800048828125e+01 5.600000023841857910e-01
5.445806884765625000e+01 5.183074188232421875e+01 5.015745162963867188e+01 4.899697113037109375e+01 4.862315750122070312e+01 5.699999928474426270e-01
5.452072143554687500e+01 5.191552352905273438e+01 5.024085998535156250e+01 4.905759048461914062e+01 4.868047332763671875e+01 5.799999833106994629e-01
5.456341552734375000e+01 5.195798873901367188e+01 5.028395080566406250e+01 4.908550643920898438e+01 4.870626831054687500e+01 5.899999737739562988e-01
5.459444808959960938e+01 5.201194381713867188e+01 5.033204650878906250e+01 4.911307144165039062e+01 4.873276901245117188e+01 5.999999642372131348e-01
5.468332672119140625e+01 5.212782287597656250e+01 5.043792724609375000e+01 4.919995880126953125e+01 4.881595230102539062e+01 6.100000143051147461e-01
5.474178695678710938e+01 5.221496963500976562e+01 5.051432800292968750e+01 4.925569534301757812e+01 4.886449050903320312e+01 6.200000047683715820e-01
5.478052902221679688e+01 5.225738143920898438e+01 5.055067443847656250e+01 4.927927780151367188e+01 4.888753509521484375e+01 6.299999952316284180e-01
5.484234237670898438e+01 5.234511947631835938e+01 5.062659454345703125e+01 4.933656311035156250e+01 4.894035339355468750e+01 6.399999856948852539e-01
5.490457916259765625e+01 5.243482589721679688e+01 5.070254898071289062e+01 4.939460754394531250e+01 4.899358367919921875e+01 6.499999761581420898e-01
5.496782684326171875e+01 5.252711105346679688e+01 5.077827453613281250e+01 4.945245742797851562e+01 4.904386138916015625e+01 6.599999666213989258e-01
5.501528930664062500e+01 5.257689285278320312e+01 5.081245040893554688e+01 4.947658920288085938e+01 4.906042098999023438e+01 6.699999570846557617e-01
5.508145523071289062e+01 5.267215347290039062e+01 5.088638305664062500e+01 4.953370285034179688e+01 4.910797119140625000e+01 6.800000071525573730e-01
5.515066146850585938e+01 5.276667404174804688e+01 5.096095275878906250e+01 4.959161758422851562e+01 4.915520858764648438e+01 6.899999976158142090e-01
5.521846008300781250e+01 5.285620498657226562e+01 5.103654861450195312e+01 4.965046691894531250e+01 4.920283889770507812e+01 6.999999880790710449e-01
5.528689956665039062e+01 5.294254302978515625e+01 5.111376953125000000e+01 4.970852661132812500e+01 4.925118255615234375e+01 7.099999785423278809e-01
5.533678436279296875e+01 5.298061370849609375e+01 5.114380645751953125e+01 4.972758483886718750e+01 4.926332855224609375e+01 7.199999690055847168e-01
5.540375900268554688e+01 5.306785583496093750e+01 5.121175384521484375e+01 4.978524398803710938e+01 4.930906295776367188e+01 7.299999594688415527e-01
5.547251892089843750e+01 5.315564727783203125e+01 5.127206802368164062e+01 4.984514617919921875e+01 4.935363006591796875e+01 7.400000095367431641e-01
5.553960037231445312e+01 5.324657440185546875e+01 5.132769393920898438e+01 4.990700912475585938e+01 4.939941406250000000e+01 7.500000000000000000e-01
5.560521697998046875e+01 5.333770370483398438e+01 5.138092422485351562e+01 4.997027206420898438e+01 4.944403839111328125e+01 7.599999904632568359e-01
5.562684249877929688e+01 5.337663650512695312e+01 5.138504791259765625e+01 4.998902511596679688e+01 4.944665908813476562e+01 7.699999809265136719e-01
5.569177627563476562e+01 5.346995544433593750e+01 5.143437957763671875e+01 5.005244064331054688e+01 4.949136734008789062e+01 7.799999713897705078e-01
5.575525283813476562e+01 5.356270980834960938e+01 5.148152923583984375e+01 5.011692428588867188e+01 4.953598403930664062e+01 7.899999618530273438e-01
5.581769180297851562e+01 5.365410995483398438e+01 5.152891159057617188e+01 5.018187332153320312e+01 4.958278656005859375e+01 7.999999523162841797e-01
5.588006591796875000e+01 5.374663543701171875e+01 5.157887649536132812e+01 5.024821853637695312e+01 4.962483215332031250e+01 8.100000023841857910e-01
5.589359283447265625e+01 5.377981185913085938e+01 5.158190155029296875e+01 5.027246856689453125e+01 4.963038635253906250e+01 8.199999928474426270e-01
5.595235443115234375e+01 5.387017440795898438e+01 5.163419723510742188e+01 5.033970260620117188e+01 4.967475128173828125e+01 8.299999833106994629e-01
5.600739669799804688e+01 5.396183013916015625e+01 5.168416976928710938e+01 5.040629959106445312e+01 4.971084594726562500e+01 8.399999737739562988e-01
5.606044006347656250e+01 5.405422592163085938e+01 5.173678970336914062e+01 5.047298049926757812e+01 4.975517654418945312e+01 8.499999642372131348e-01
5.610986709594726562e+01 5.414978027343750000e+01 5.179217529296875000e+01 5.054034042358398438e+01 4.980249404907226562e+01 8.599999547004699707e-01
5.609555435180664062e+01 5.418114852905273438e+01 5.179920196533203125e+01 5.056117630004882812e+01 4.980952453613281250e+01 8.700000047683715820e-01
5.614001464843750000e+01 5.428247070312500000e+01 5.185728454589843750e+01 5.062503814697265625e+01 4.985585784912109375e+01 8.799999952316284180e-01
5.618462371826171875e+01 5.438807296752929688e+01 5.191531372070312500e+01 5.068705368041992188e+01 4.990051269531250000e+01 8.899999856948852539e-01
5.622781753540039062e+01 5.449000930786132812e+01 5.196991729736328125e+01 5.074805450439453125e+01 4.994362640380859375e+01 8.999999761581420898e-01
5.626784515380859375e+01 5.458511734008789062e+01 5.202327346801757812e+01 5.080666732788085938e+01 4.998993682861328125e+01 9.099999666213989258e-01
5.630701065063476562e+01 5.466849517822265625e+01 5.207447433471679688e+01 5.086551284790039062e+01 5.003741455078125000e+01 9.199999570846557617e-01
5.629039764404296875e+01 5.467512893676757812e+01 5.207533645629882812e+01 5.087828063964843750e+01 5.004287338256835938e+01 9.300000071525573730e-01
5.632709503173828125e+01 5.474421691894531250e+01 5.213026046752929688e+01 5.093517303466796875e+01 5.009030151367187500e+01 9.399999976158142090e-01
5.636179351806640625e+01 5.481067657470703125e+01 5.218684387207031250e+01 5.099095535278320312e+01 5.013597869873046875e+01 9.499999880790710449e-01
5.639657211303710938e+01 5.486524581909179688e+01 5.224409484863281250e+01 5.104542541503906250e+01 5.017803955078125000e+01 9.599999785423278809e-01
5.642974853515625000e+01 5.491899490356445312e+01 5.230158233642578125e+01 5.110054779052734375e+01 5.022666168212890625e+01 9.699999690055847168e-01
5.646482849121093750e+01 5.497324371337890625e+01 5.235867691040039062e+01 5.115849304199218750e+01 5.027547073364257812e+01 9.799999594688415527e-01
5.646109390258789062e+01 5.495286178588867188e+01 5.236028671264648438e+01 5.116382598876953125e+01 5.027790451049804688e+01 9.899999499320983887e-01
5.649584960937500000e+01 5.500867462158203125e+01 5.241819381713867188e+01 5.121929550170898438e+01 5.032320404052734375e+01 1.000000000000000000e+00
5.652931976318359375e+01 5.506872940063476562e+01 5.247833633422851562e+01 5.127521896362304688e+01 5.037055206298828125e+01 1.009999990463256836e+00
5.656440734863281250e+01 5.513224792480468750e+01 5.253954315185546875e+01 5.133129882812500000e+01 5.042615127563476562e+01 1.019999980926513672e+00
5.659840011596679688e+01 5.520424270629882812e+01 5.259954833984375000e+01 5.138927841186523438e+01 5.047667312622070312e+01 1.029999971389770508e+00
5.662964248657226562e+01 5.528091812133789062e+01 5.265918731689453125e+01 5.144399642944335938e+01 5.053410339355468750e+01 1.039999961853027344e+00
5.662392807006835938e+01 5.527776718139648438e+01 5.265653228759765625e+01 5.144480514526367188e+01 5.053542327880859375e+01 1.049999952316284180e+00
5.665813827514648438e+01 5.536950302124023438e+01 5.271579360961914062e+01 5.150251770019531250e+01 5.059225082397460938e+01 1.059999942779541016e+00
5.667466735839843750e+01 5.544540786743164062e+01 5.276119232177734375e+01 5.154393768310546875e+01 5.063318634033203125e+01 1.069999933242797852e+00
5.670633316040039062e+01 5.553421401977539062e+01 5.282444763183593750e+01 5.160219192504882812e+01 5.068800354003906250e+01 1.079999923706054688e+00
5.674639129638671875e+01 5.562970733642578125e+01 5.290258407592773438e+01 5.167319488525390625e+01 5.076073455810546875e+01 1.090000033378601074e+00
5.677432632446289062e+01 5.569800186157226562e+01 5.296873855590820312e+01 5.172421264648437500e+01 5.081445312500000000e+01 1.100000023841857910e+00
5.680005264282226562e+01 5.575770568847656250e+01 5.303295516967773438e+01 5.176678085327148438e+01 5.087385177612304688e+01 1.110000014305114746e+00
5.676303863525390625e+01 5.570930099487304688e+01 5.302398681640625000e+01 5.173691940307617188e+01 5.085942840576171875e+01 1.120000004768371582e+00
5.678337478637695312e+01 5.576034164428710938e+01 5.308418273925781250e+01 5.177227020263671875e+01 5.091329574584960938e+01 1.129999995231628418e+00
5.680821228027343750e+01 5.581077194213867188e+01 5.314340209960937500e+01 5.180887985229492188e+01 5.096658325195312500e+01 1.139999985694885254e+00
5.683342361450195312e+01 5.586134338378906250e+01 5.320357894897460938e+01 5.184654235839843750e+01 5.102184295654296875e+01 1.149999976158142090e+00
5.685708999633789062e+01 5.590719223022460938e+01 5.326471710205078125e+01 5.188283920288085938e+01 5.106972885131835938e+01 1.159999966621398926e+00
5.688038253784179688e+01 5.594908523559570312e+01 5.332696533203125000e+01 5.191810226440429688e+01 5.111421966552734375e+01 1.169999957084655762e+00
5.690529632568359375e+01 5.598830413818359375e+01 5.339087295532226562e+01 5.195262908935546875e+01 5.116489028930664062e+01 1.179999947547912598e+00
5.688486862182617188e+01 5.591999816894531250e+01 5.337998580932617188e+01 5.191772079467773438e+01 5.114223098754882812e+01 1.189999938011169434e+00
5.689420700073242188e+01 5.594548034667968750e+01 5.343568801879882812e+01 5.194014739990234375e+01 5.117901992797851562e+01 1.199999928474426270e+00
5.691785430908203125e+01 5.598496627807617188e+01 5.350335693359375000e+01 5.197671508789062500e+01 5.121750259399414062e+01 1.209999918937683105e+00
5.695522689819335938e+01 5.603927993774414062e+01 5.358372497558593750e+01 5.202558898925781250e+01 5.127592086791992188e+01 1.220000028610229492e+00
5.698140335083007812e+01 5.608458709716796875e+01 5.365187835693359375e+01 5.206145095825195312e+01 5.132310485839843750e+01 1.230000019073486328e+00
5.700521850585937500e+01 5.613336563110351562e+01 5.371982192993164062e+01 5.209713745117187500e+01 5.137581634521484375e+01 1.240000009536743164e+00
5.703002929687500000e+01 5.618169403076171875e+01 5.378670883178710938e+01 5.213359451293945312e+01 5.142188262939453125e+01 1.250000000000000000e+00
5.705266571044921875e+01 5.622890472412109375e+01 5.385527038574218750e+01 5.217263412475585938e+01 5.146981430053710938e+01 1.259999990463256836e+00
5.702120971679687500e+01 5.616465759277343750e+01 5.384048843383789062e+01 5.214511489868164062e+01 5.144768905639648438e+01 1.269999980926513672e+00
5.704551315307617188e+01 5.620287322998046875e+01 5.390945434570312500e+01 5.218746566772460938e+01 5.149364852905273438e+01 1.279999971389770508e+00
5.707003784179687500e+01 5.623874282836914062e+01 5.397876739501953125e+01 5.223040008544921875e+01 5.154119110107421875e+01 1.289999961853027344e+00
5.709383773803710938e+01 5.627125930786132812e+01 5.404804611206054688e+01 5.227253723144531250e+01 5.158881378173828125e+01 1.299999952316284180e+00
5.711640548706054688e+01 5.630333328247070312e+01 5.411975860595703125e+01 5.231283187866210938e+01 5.163811111450195312e+01 1.309999942779541016e+00
5.713855743408203125e+01 5.633591842651367188e+01 5.419280624389648438e+01 5.235161590576171875e+01 5.168211746215820312e+01 1.319999933242797852e+00
5.716024398803710938e+01 5.636774826049804688e+01 5.426737594604492188e+01 5.238832473754882812e+01 5.173410797119140625e+01 1.329999923706054688e+00
5.718069076538085938e+01 5.640204620361328125e+01 5.434639739990234375e+01 5.242391967773437500e+01 5.177834320068359375e+01 1.339999914169311523e+00
5.720221710205078125e+01 5.643678665161132812e+01 5.442947006225585938e+01 5.245977401733398438e+01 5.182723999023437500e+01 1.350000023841857910e+00
5.715103912353515625e+01 5.634976196289062500e+01 5.441867065429687500e+01 5.242240905761718750e+01 5.180409622192382812e+01 1.360000014305114746e+00
5.717107772827148438e+01 5.639062881469726562e+01 5.450039291381835938e+01 5.246023178100585938e+01 5.185678482055664062e+01 1.370000004768371582e+00
5.719391632080078125e+01 5.643437576293945312e+01 5.457653808593750000e+01 5.249788665771484375e+01 5.190797424316406250e+01 1.379999995231628418e+00
5.721601867675781250e+01 5.648055267333984375e+01 5.464697265625000000e+01 5.253567886352539062e+01 5.195053863525390625e+01 1.389999985694885254e+00
5.723701095581054688e+01 5.652869033813476562e+01 5.471169662475585938e+01 5.257345199584960938e+01 5.196982574462890625e+01 1.399999976158142090e+00
5.725918197631835938e+01 5.657666397094726562e+01 5.476803970336914062e+01 5.261138916015625000e+01 5.200411987304687500e+01 1.409999966621398926e+00
5.728078460693359375e+01 5.662252426147460938e+01 5.482207489013671875e+01 5.265071105957031250e+01 5.201931762695312500e+01 1.419999957084655762e+00
5.730138015747070312e+01 5.667048645019531250e+01 5.487082672119140625e+01 5.269044494628906250e+01 5.205301284790039062e+01 1.429999947547912598e+00
5.732326889038085938e+01 5.671902465820312500e+01 5.491548919677734375e+01 5.273249435424804688e+01 5.208384323120117188e+01 1.439999938011169434e+00
5.734507369995117188e+01 5.676854705810546875e+01 5.495093917846679688e+01 5.277550888061523438e+01 5.210911178588867188e+01 1.449999928474426270e+00
5.723234176635742188e+01 5.666093444824218750e+01 5.487235641479492188e+01 5.273053741455078125e+01 5.205013275146484375e+01 1.459999918937683105e+00
5.725109481811523438e+01 5.671043014526367188e+01 5.490679550170898438e+01 5.277579498291015625e+01 5.208308410644531250e+01 1.469999909400939941e+00
5.727052688598632812e+01 5.676017761230468750e+01 5.494137191772460938e+01 5.282176971435546875e+01 5.210756683349609375e+01 1.480000019073486328e+00
5.728956604003906250e+01 5.681031417846679688e+01 5.497657775878906250e+01 5.286781311035156250e+01 5.213257598876953125e+01 1.490000009536743164e+00
5.730808258056640625e+01 5.686179733276367188e+01 5.501261901855468750e+01 5.291503143310546875e+01 5.216832351684570312e+01 1.500000000000000000e+00
5.732524490356445312e+01 5.691371917724609375e+01 5.505143356323242188e+01 5.296338653564453125e+01 5.219836044311523438e+01 1.509999990463256836e+00
5.734557342529296875e+01 5.696489334106445312e+01 5.508824539184570312e+01 5.301387405395507812e+01 5.223471450805664062e+01 1.519999980926513672e+00
5.736612319946289062e+01 5.701742935180664062e+01 5.513370895385742188e+01 5.306442260742187500e+01 5.226449203491210938e+01 1.529999971389770508e+00
5.738416290283203125e+01 5.706929016113281250e+01 5.518059158325195312e+01 5.311685943603515625e+01 5.229222106933593750e+01 1.539999961853027344e+00
5.740311050415039062e+01 5.712142562866210938e+01 5.523480987548828125e+01 5.316896057128906250e+01 5.231892395019531250e+01 1.549999952316284180e+00
5.735005950927734375e+01 5.705276107788085938e+01 5.517637634277343750e+01 5.312680053710937500e+01 5.226291656494140625e+01 1.559999942779541016e+00
5.736819076538085938e+01 5.710590744018554688e+01 5.523653411865234375e+01 5.317532730102539062e+01 5.229512023925781250e+01 1.569999933242797852e+00
5.738758850097656250e+01 5.715930938720703125e+01 5.530198287963867188e+01 5.322008895874023438e+01 5.232940673828125000e+01 1.579999923706054688e+00
5.740598678588867188e+01 5.721202468872070312e+01 5.536467742919921875e+01 5.326305389404296875e+01 5.236560058593750000e+01 1.589999914169311523e+00
5.742664337158203125e+01 5.726594161987304688e+01 5.542531585693359375e+01 5.330413436889648438e+01 5.240552520751953125e+01 1.599999904632568359e+00
5.744575500488281250e+01 5.731917572021484375e+01 5.547740173339843750e+01 5.334527969360351562e+01 5.243899536132812500e+01 1.610000014305114746e+00
5.746534347534179688e+01 5.737387084960937500e+01 5.552137374877929688e+01 5.338670349121093750e+01 5.247303771972656250e+01 1.620000004768371582e+00
5.748798370361328125e+01 5.742678070068359375e+01 5.555732345581054688e+01 5.343055343627929688e+01 5.250418853759765625e+01 1.629999995231628418e+00
5.750844192504882812e+01 5.747780227661132812e+01 5.559093093872070312e+01 5.347543716430664062e+01 5.253458023071289062e+01 1.639999985694885254e+00
5.753011322021484375e+01 5.752365112304687500e+01 5.562197875976562500e+01 5.352227783203125000e+01 5.256280899047851562e+01 1.649999976158142090e+00
5.755125427246093750e+01 5.756437301635742188e+01 5.565216827392578125e+01 5.356968688964843750e+01 5.258832931518554688e+01 1.659999966621398926e+00
5.757152557373046875e+01 5.760020446777343750e+01 5.568537902832031250e+01 5.361993789672851562e+01 5.261797714233398438e+01 1.669999957084655762e+00
5.754449462890625000e+01 5.754508209228515625e+01 5.557918930053710938e+01 5.356571197509765625e+01 5.255855941772460938e+01 1.679999947547912598e+00
5.756381225585937500e+01 5.757684707641601562e+01 5.561123657226562500e+01 5.361720275878906250e+01 5.259305191040039062e+01 1.689999938011169434e+00
5.758506774902343750e+01 5.760577011108398438e+01 5.564089965820312500e+01 5.366861343383789062e+01 5.262364959716796875e+01 1.699999928474426270e+00
5.760577774047851562e+01 5.763286209106445312e+01 5.566870880126953125e+01 5.372137832641601562e+01 5.265589523315429688e+01 1.709999918937683105e+00
5.762628173828125000e+01 5.765911102294921875e+01 5.569350814819335938e+01 5.377385711669921875e+01 5.268716430664062500e+01 1.719999909400939941e+00
5.764715194702148438e+01 5.768490600585937500e+01 5.571951293945312500e+01 5.382653045654296875e+01 5.271666336059570312e+01 1.730000019073486328e+00
5.766796493530273438e+01 5.770984268188476562e+01 5.574433135986328125e+01 5.387981796264648438e+01 5.274439239501953125e+01 1.740000009536743164e+00
5.768831634521484375e+01 5.773478317260742188e+01 5.576969909667968750e+01 5.393315124511718750e+01 5.277178955078125000e+01 1.750000000000000000e+00
5.770677566528320312e+01 5.775919342041015625e+01 5.579794692993164062e+01 5.398696517944335938e+01 5.280247497558593750e+01 1.759999990463256836e+00
5.772182464599609375e+01 5.778312301635742188e+01 5.582773208618164062e+01 5.404151153564453125e+01 5.283693695068359375e+01 1.769999980926513672e+00
5.773515319824218750e+01 5.780634689331054688e+01 5.585963058471679688e+01 5.409537506103515625e+01 5.287302398681640625e+01 1.779999971389770508e+00
5.775114440917968750e+01 5.782863616943359375e+01 5.589549636840820312e+01 5.415008926391601562e+01 5.290700912475585938e+01 1.789999961853027344e+00
5.770260620117187500e+01 5.774674606323242188e+01 5.566329956054687500e+01 5.398543167114257812e+01 5.276511383056640625e+01 1.799999952316284180e+00
5.771796035766601562e+01 5.777076721191406250e+01 5.569998168945312500e+01 5.403934097290039062e+01 5.280393218994140625e+01 1.809999942779541016e+00
5.773398208618164062e+01 5.779325103759765625e+01 5.573663711547851562e+01 5.409247970581054688e+01 5.283646011352539062e+01 1.819999933242797852e+00
5.774777984619140625e+01 5.781427764892578125e+01 5.577013397216796875e+01 5.414812469482421875e+01 5.286994552612304688e+01 1.829999923706054688e+00
5.776158142089843750e+01 5.783420562744140625e+01 5.580004119873046875e+01 5.420348358154296875e+01 5.291181182861328125e+01 1.839999914169311523e+00
5.777625656127929688e+01 5.785316085815429688e+01 5.582885360717773438e+01 5.426202392578125000e+01 5.295562362670898438e+01 1.849999904632568359e+00
5.779159545898437500e+01 5.787171936035156250e+01 5.585357666015625000e+01 5.432205581665039062e+01 5.300323104858398438e+01 1.860000014305114746e+00
5.780330657958984375e+01 5.789014816284179688e+01 5.587747192382812500e+01 5.438526916503906250e+01 5.304782485961914062e+01 1.870000004768371582e+00
5.781567764282226562e+01 5.790829086303710938e+01 5.590016174316406250e+01 5.444808959960937500e+01 5.309137344360351562e+01 1.879999995231628418e+00
5.783053970336914062e+01 5.792626190185546875e+01 5.592271423339843750e+01 5.450966262817382812e+01 5.313465881347656250e+01 1.889999985694885254e+00
5.784388351440429688e+01 5.794386672973632812e+01 5.594522857666015625e+01 5.456850433349609375e+01 5.318175506591796875e+01 1.899999976158142090e+00
5.785879898071289062e+01 5.796104812622070312e+01 5.596822738647460938e+01 5.462679290771484375e+01 5.322868728637695312e+01 1.909999966621398926e+00
5.780971527099609375e+01 5.791921615600585938e+01 5.589430618286132812e+01 5.458994293212890625e+01 5.319440078735351562e+01 1.919999957084655762e+00
5.782292938232421875e+01 5.793589019775390625e+01 5.591993713378906250e+01 5.463784408569335938e+01 5.322866058349609375e+01 1.929999947547912598e+00
5.783465957641601562e+01 5.795216751098632812e+01 5.594554901123046875e+01 5.468290328979492188e+01 5.326068115234375000e+01 1.939999938011169434e+00
5.784545898437500000e+01 5.796768188476562500e+01 5.597410964965820312e+01 5.472681045532226562e+01 5.329618453979492188e+01 1.949999928474426270e+00
5.785810470581054688e+01 5.798262023925781250e+01 5.600578308105468750e+01 5.477013778686523438e+01 5.333110427856445312e+01 1.959999918937683105e+00
5.787040328979492188e+01 5.799665832519531250e+01 5.603897094726562500e+01 5.480529785156250000e+01 5.336363220214843750e+01 1.969999909400939941e+00
5.788468551635742188e+01 5.801023864746093750e+01 5.607458114624023438e+01 5.483389282226562500e+01 5.339437866210937500e+01 1.979999899864196777e+00
5.787586593627929688e+01 5.800535202026367188e+01 5.606830215454101562e+01 5.481989669799804688e+01 5.339552688598632812e+01 1.990000009536743164e+00
5.788941574096679688e+01 5.801849746704101562e+01 5.610690307617187500e+01 5.484322357177734375e+01 5.343308639526367188e+01 2.000000000000000000e+00
5.790309906005859375e+01 5.803144836425781250e+01 5.614544677734375000e+01 5.486790847778320312e+01 5.346378326416015625e+01 2.009999990463256836e+00
5.791588592529296875e+01 5.804433822631835938e+01 5.618482589721679688e+01 5.489492416381835938e+01 5.349644470214843750e+01 2.019999980926513672e+00
5.792803955078125000e+01 5.805707931518554688e+01 5.622223663330078125e+01 5.492111206054687500e+01 5.353330230712890625e+01 2.029999971389770508e+00
5.793968963623046875e+01 5.807001876831054688e+01 5.626056289672851562e+01 5.494570541381835938e+01 5.357511138916015625e+01 2.039999961853027344e+00
5.795127868652343750e+01 5.808283615112304688e+01 5.630096435546875000e+01 5.497552490234375000e+01 5.362159729003906250e+01 2.049999952316284180e+00
5.784321594238281250e+01 5.795223999023437500e+01 5.621607589721679688e+01 5.491569900512695312e+01 5.359717941284179688e+01 2.059999942779541016e+00
5.785335159301757812e+01 5.796469879150390625e+01 5.625655364990234375e+01 5.494725036621093750e+01 5.364207839965820312e+01 2.069999933242797852e+00
5.786433410644531250e+01 5.797696685791015625e+01 5.629877471923828125e+01 5.498399353027343750e+01 5.368673324584960938e+01 2.079999923706054688e+00
5.787502288818359375e+01 5.798876953125000000e+01 5.633999633789062500e+01 5.502256393432617188e+01 5.373119735717773438e+01 2.089999914169311523e+00
5.788589859008789062e+01 5.800014495849609375e+01 5.638150405883789062e+01 5.506649398803710938e+01 5.377550125122070312e+01 2.099999904632568359e+00
5.789750289916992188e+01 5.801123809814453125e+01 5.642369079589843750e+01 5.511106491088867188e+01 5.381900787353515625e+01 2.109999895095825195e+00
5.790722274780273438e+01 5.802217483520507812e+01 5.646723556518554688e+01 5.515740203857421875e+01 5.386347961425781250e+01 2.119999885559082031e+00
5.791233444213867188e+01 5.802719879150390625e+01 5.650777053833007812e+01 5.520048522949218750e+01 5.390024566650390625e+01 2.129999876022338867e+00
5.794275283813476562e+01 5.807765197753906250e+01 5.645639801025390625e+01 5.516318130493164062e+01 5.387197875976562500e+01 2.139999866485595703e+00
5.795315170288085938e+01 5.808833694458007812e+01 5.650464630126953125e+01 5.521182632446289062e+01 5.391862869262695312e+01 2.149999856948852539e+00
5.796405410766601562e+01 5.809875488281250000e+01 5.655282974243164062e+01 5.526127624511718750e+01 5.396710205078125000e+01 2.159999847412109375e+00
5.797427749633789062e+01 5.810937118530273438e+01 5.660116958618164062e+01 5.530227279663085938e+01 5.401605224609375000e+01 2.169999837875366211e+00
5.798919677734375000e+01 5.812477493286132812e+01 5.665454101562500000e+01 5.534324264526367188e+01 5.407252120971679688e+01 2.180000066757202148e+00
5.800135040283203125e+01 5.813467407226562500e+01 5.670495986938476562e+01 5.537102508544921875e+01 5.411780929565429688e+01 2.190000057220458984e+00
5.803533554077148438e+01 5.817507934570312500e+01 5.664422607421875000e+01 5.529150772094726562e+01 5.408408737182617188e+01 2.200000047683715820e+00
5.804758453369140625e+01 5.818515777587890625e+01 5.669469070434570312e+01 5.531064987182617188e+01 5.413000106811523438e+01 2.210000038146972656e+00
5.806000137329101562e+01 5.819519042968750000e+01 5.674526596069335938e+01 5.533010864257812500e+01 5.417758178710937500e+01 2.220000028610229492e+00
5.807213211059570312e+01 5.820510101318359375e+01 5.679763412475585938e+01 5.534823608398437500e+01 5.422520446777343750e+01 2.230000019073486328e+00
5.808549499511718750e+01 5.821501541137695312e+01 5.685184860229492188e+01 5.536749649047851562e+01 5.427370834350585938e+01 2.240000009536743164e+00
5.809791183471679688e+01 5.822477340698242188e+01 5.690701293945312500e+01 5.538842391967773438e+01 5.432736587524414062e+01 2.250000000000000000e+00
5.810944747924804688e+01 5.823470687866210938e+01 5.696355819702148438e+01 5.540685272216796875e+01 5.438275146484375000e+01 2.259999990463256836e+00
5.812215042114257812e+01 5.824421310424804688e+01 5.702315902709960938e+01 5.542560577392578125e+01 5.443276977539062500e+01 2.269999980926513672e+00
5.815394210815429688e+01 5.829387664794921875e+01 5.697452545166015625e+01 5.533979034423828125e+01 5.439191436767578125e+01 2.279999971389770508e+00
5.816754531860351562e+01 5.830313491821289062e+01 5.703660202026367188e+01 5.535268783569335938e+01 5.443385696411132812e+01 2.289999961853027344e+00
5.818118667602539062e+01 5.831226730346679688e+01 5.709687423706054688e+01 5.536378479003906250e+01 5.448197937011718750e+01 2.299999952316284180e+00
5.819583511352539062e+01 5.832110214233398438e+01 5.715292358398437500e+01 5.537312698364257812e+01 5.453047943115234375e+01 2.309999942779541016e+00
5.821008682250976562e+01 5.832951354980468750e+01 5.720613098144531250e+01 5.538270950317382812e+01 5.456904602050781250e+01 2.319999933242797852e+00
5.822499847412109375e+01 5.833768463134765625e+01 5.725460052490234375e+01 5.539336013793945312e+01 5.459708023071289062e+01 2.329999923706054688e+00
5.823937606811523438e+01 5.834601211547851562e+01 5.729922485351562500e+01 5.540700912475585938e+01 5.463815307617187500e+01 2.339999914169311523e+00
5.825567245483398438e+01 5.835375976562500000e+01 5.734226989746093750e+01 5.542158889770507812e+01 5.468417358398437500e+01 2.349999904632568359e+00
5.830437088012695312e+01 5.842584609985351562e+01 5.725817489624023438e+01 5.532485961914062500e+01 5.463757324218750000e+01 2.359999895095825195e+00
5.832077789306640625e+01 5.843330383300781250e+01 5.729989624023437500e+01 5.534439849853515625e+01 5.467297744750976562e+01 2.369999885559082031e+00
5.833567810058593750e+01 5.844078063964843750e+01 5.733856582641601562e+01 5.536536788940429688e+01 5.469447708129882812e+01 2.379999876022338867e+00
5.834751129150390625e+01 5.844351196289062500e+01 5.737236022949218750e+01 5.538449478149414062e+01 5.469683456420898438e+01 2.389999866485595703e+00
5.836250686645507812e+01 5.845098876953125000e+01 5.740941238403320312e+01 5.541049957275390625e+01 5.470434570312500000e+01 2.399999856948852539e+00
5.837953186035156250e+01 5.845817947387695312e+01 5.744724655151367188e+01 5.543788909912109375e+01 5.472687911987304688e+01 2.409999847412109375e+00
5.839601135253906250e+01 5.846551132202148438e+01 5.748373031616210938e+01 5.546500778198242188e+01 5.475825500488281250e+01 2.419999837875366211e+00
5.841459274291992188e+01 5.847262954711914062e+01 5.752202987670898438e+01 5.549195861816406250e+01 5.478993988037109375e+01 2.429999828338623047e+00
5.848486328125000000e+01 5.852344894409179688e+01 5.741682052612304688e+01 5.539215469360351562e+01 5.471567535400390625e+01 2.440000057220458984e+00
5.850236129760742188e+01 5.853030395507812500e+01 5.745727157592773438e+01 5.541431045532226562e+01 5.473457717895507812e+01 2.450000047683715820e+00
5.852080917358398438e+01 5.853701782226562500e+01 5.749855804443359375e+01 5.543340682983398438e+01 5.474576568603515625e+01 2.460000038146972656e+00
5.854055023193359375e+01 5.854373931884765625e+01 5.753861618041992188e+01 5.544979095458984375e+01 5.477059555053710938e+01 2.470000028610229492e+00
5.855989074707031250e+01 5.855038452148437500e+01 5.757970046997070312e+01 5.546498870849609375e+01 5.479830932617187500e+01 2.480000019073486328e+00
5.857917404174804688e+01 5.855695724487304688e+01 5.761973190307617188e+01 5.547743988037109375e+01 5.482030105590820312e+01 2.490000009536743164e+00
5.859974288940429688e+01 5.856346130371093750e+01 5.765928649902343750e+01 5.548993301391601562e+01 5.484753417968750000e+01 2.500000000000000000e+00
5.862007522583007812e+01 5.856995773315429688e+01 5.769671249389648438e+01 5.550335693359375000e+01 5.488710784912109375e+01 2.509999990463256836e+00
5.864148712158203125e+01 5.857605743408203125e+01 5.773356246948242188e+01 5.551629638671875000e+01 5.492176055908203125e+01 2.519999980926513672e+00
5.866267013549804688e+01 5.858216476440429688e+01 5.776689529418945312e+01 5.553063201904296875e+01 5.496171188354492188e+01 2.529999971389770508e+00
5.873070526123046875e+01 5.864713287353515625e+01 5.766640472412109375e+01 5.540679168701171875e+01 5.489297866821289062e+01 2.539999961853027344e+00
5.875190353393554688e+01 5.865295791625976562e+01 5.769983673095703125e+01 5.542274856567382812e+01 5.493347549438476562e+01 2.549999952316284180e+00
5.877315139770507812e+01 5.865918731689453125e+01 5.773178482055664062e+01 5.543959808349609375e+01 5.496301651000976562e+01 2.559999942779541016e+00
5.879430770874023438e+01 5.866519927978515625e+01 5.776497268676757812e+01 5.545694351196289062e+01 5.500675964355468750e+01 2.569999933242797852e+00
5.881628417968750000e+01 5.867116165161132812e+01 5.779859924316406250e+01 5.547598266601562500e+01 5.505715942382812500e+01 2.579999923706054688e+00
5.883805465698242188e+01 5.867704391479492188e+01 5.783347320556640625e+01 5.549553680419921875e+01 5.510323333740234375e+01 2.589999914169311523e+00
5.886127853393554688e+01 5.868341445922851562e+01 5.786840438842773438e+01 5.551811981201171875e+01 5.513660430908203125e+01 2.599999904632568359e+00
5.888517379760742188e+01 5.868973922729492188e+01 5.790449905395507812e+01 5.554284667968750000e+01 5.516301727294921875e+01 2.609999895095825195e+00
5.890786361694335938e+01 5.869601821899414062e+01 5.794060134887695312e+01 5.556929779052734375e+01 5.517499160766601562e+01 2.619999885559082031e+00
5.891499710083007812e+01 5.874034881591796875e+01 5.784377670288085938e+01 5.544582366943359375e+01 5.504859924316406250e+01 2.629999876022338867e+00
5.893870544433593750e+01 5.874646759033203125e+01 5.788325881958007812e+01 5.547369766235351562e+01 5.505490493774414062e+01 2.639999866485595703e+00
5.896141433715820312e+01 5.875283050537109375e+01 5.792172622680664062e+01 5.550251388549804688e+01 5.506233596801757812e+01 2.649999856948852539e+00
5.898315429687500000e+01 5.875912475585937500e+01 5.796063995361328125e+01 5.553056335449218750e+01 5.507351684570312500e+01 2.659999847412109375e+00
5.900656509399414062e+01 5.876546859741210938e+01 5.799861526489257812e+01 5.555898284912109375e+01 5.508858871459960938e+01 2.669999837875366211e+00
5.903110885620117188e+01 5.877164840698242188e+01 5.803591918945312500e+01 5.558601379394531250e+01 5.510523605346679688e+01 2.679999828338623047e+00
5.905453872680664062e+01 5.877808761596679688e+01 5.807125854492187500e+01 5.561331176757812500e+01 5.512440872192382812e+01 2.690000057220458984e+00
5.907299804687500000e+01 5.877037048339843750e+01 5.806542587280273438e+01 5.560678482055664062e+01 5.510810470581054688e+01 2.700000047683715820e+00
5.909715652465820312e+01 5.877658081054687500e+01 5.809830856323242188e+01 5.563511657714843750e+01 5.512247085571289062e+01 2.710000038146972656e+00
5.912337875366210938e+01 5.878314971923828125e+01 5.813012313842773438e+01 5.566543197631835938e+01 5.513951873779296875e+01 2.720000028610229492e+00
5.914696121215820312e+01 5.878940582275390625e+01 5.816156005859375000e+01 5.569489669799804688e+01 5.514744949340820312e+01 2.730000019073486328e+00
5.913171005249023438e+01 5.875798797607421875e+01 5.805702590942382812e+01 5.560338211059570312e+01 5.505460357666015625e+01 2.740000009536743164e+00
5.915648269653320312e+01 5.876451492309570312e+01 5.809062576293945312e+01 5.563396453857421875e+01 5.506188964843750000e+01 2.750000000000000000e+00
5.918285751342773438e+01 5.877132797241210938e+01 5.812347793579101562e+01 5.566505432128906250e+01 5.506383895874023438e+01 2.759999990463256836e+00
5.920834732055664062e+01 5.877830505371093750e+01 5.815810775756835938e+01 5.569525909423828125e+01 5.506478881835937500e+01 2.769999980926513672e+00
5.923526000976562500e+01 5.878555679321289062e+01 5.819202041625976562e+01 5.572664642333984375e+01 5.506541824340820312e+01 2.779999971389770508e+00
5.926043319702148438e+01 5.879251480102539062e+01 5.822761154174804688e+01 5.575989151000976562e+01 5.508545303344726562e+01 2.789999961853027344e+00
5.928518295288085938e+01 5.879976654052734375e+01 5.826343154907226562e+01 5.579336547851562500e+01 5.509814834594726562e+01 2.799999952316284180e+00
5.930996322631835938e+01 5.880689239501953125e+01 5.830041885375976562e+01 5.582812881469726562e+01 5.510618972778320312e+01 2.809999942779541016e+00
5.933432006835937500e+01 5.881358337402343750e+01 5.833688354492187500e+01 5.586228561401367188e+01 5.511289596557617188e+01 2.819999933242797852e+00
5.935853958129882812e+01 5.882070541381835938e+01 5.837254714965820312e+01 5.589806747436523438e+01 5.512250900268554688e+01 2.829999923706054688e+00
5.938244628906250000e+01 5.882771301269531250e+01 5.840748214721679688e+01 5.593249893188476562e+01 5.513431549072265625e+01 2.839999914169311523e+00
5.940265655517578125e+01 5.883458328247070312e+01 5.844084167480468750e+01 5.596700286865234375e+01 5.515043640136718750e+01 2.849999904632568359e+00
5.942448806762695312e+01 5.884164428710937500e+01 5.847407531738281250e+01 5.600169754028320312e+01 5.517470932006835938e+01 2.859999895095825195e+00
5.944652557373046875e+01 5.884843063354492188e+01 5.850467681884765625e+01 5.603686904907226562e+01 5.520001602172851562e+01 2.869999885559082031e+00
5.939707946777343750e+01 5.877303695678710938e+01 5.825780105590820312e+01 5.570923614501953125e+01 5.493908309936523438e+01 2.879999876022338867e+00
5.941989135742187500e+01 5.877997207641601562e+01 5.829640579223632812e+01 5.574187469482421875e+01 5.496024322509765625e+01 2.889999866485595703e+00
5.944119644165039062e+01 5.878645324707031250e+01 5.833440780639648438e+01 5.577617263793945312e+01 5.497841262817382812e+01 2.899999856948852539e+00
5.946026992797851562e+01 5.879273986816406250e+01 5.837248992919921875e+01 5.580925750732421875e+01 5.499637603759765625e+01 2.909999847412109375e+00
5.947732543945312500e+01 5.879977416992187500e+01 5.840970230102539062e+01 5.584380340576171875e+01 5.501336288452148438e+01 2.919999837875366211e+00
5.949382781982421875e+01 5.880604171752929688e+01 5.844729232788085938e+01 5.587823867797851562e+01 5.502289962768554688e+01 2.929999828338623047e+00
5.951140594482421875e+01 5.881251907348632812e+01 5.848434829711914062e+01 5.591448974609375000e+01 5.503274917602539062e+01 2.939999818801879883e+00
5.953094100952148438e+01 5.881951522827148438e+01 5.852079772949218750e+01 5.595163345336914062e+01 5.504303741455078125e+01 2.950000047683715820e+00
5.955240249633789062e+01 5.882646179199218750e+01 5.855495071411132812e+01 5.598995590209960938e+01 5.505066299438476562e+01 2.960000038146972656e+00
5.957367706298828125e+01 5.883318710327148438e+01 5.858877182006835938e+01 5.602893829345703125e+01 5.505754852294921875e+01 2.970000028610229492e+00
5.959466934204101562e+01 5.884086608886718750e+01 5.862091445922851562e+01 5.607034301757812500e+01 5.506381225585937500e+01 2.980000019073486328e+00
5.961388397216796875e+01 5.884801864624023438e+01 5.865110778808593750e+01 5.611286544799804688e+01 5.507440948486328125e+01 2.990000009536743164e+00
5.963182449340820312e+01 5.885572433471679688e+01 5.867896270751953125e+01 5.615480041503906250e+01 5.508560943603515625e+01 3.000000000000000000e+00
5.965164566040039062e+01 5.886322021484375000e+01 5.870564270019531250e+01 5.619857406616210938e+01 5.509267807006835938e+01 3.009999990463256836e+00
5.967195892333984375e+01 5.887068939208984375e+01 5.872992324829101562e+01 5.624129104614257812e+01 5.510325622558593750e+01 3.019999980926513672e+00
5.969149017333984375e+01 5.887889480590820312e+01 5.875253295898437500e+01 5.628245162963867188e+01 5.511989974975585938e+01 3.029999971389770508e+00
5.971036148071289062e+01 5.888629913330078125e+01 5.877384185791015625e+01 5.632009506225585938e+01 5.513061523437500000e+01 3.039999961853027344e+00
5.972925949096679688e+01 5.889420700073242188e+01 5.879331207275390625e+01 5.635657501220703125e+01 5.513787841796875000e+01 3.049999952316284180e+00
5.974969100952148438e+01 5.890216827392578125e+01 5.881251144409179688e+01 5.639130401611328125e+01 5.514928817749023438e+01 3.059999942779541016e+00
5.976864624023437500e+01 5.890952301025390625e+01 5.883100128173828125e+01 5.642532348632812500e+01 5.516101455688476562e+01 3.069999933242797852e+00
5.978660583496093750e+01 5.891672515869140625e+01 5.884814834594726562e+01 5.645849990844726562e+01 5.517416381835937500e+01 3.079999923706054688e+00
5.916178131103515625e+01 5.829099655151367188e+01 5.828544998168945312e+01 5.602832031250000000e+01 5.487717819213867188e+01 3.089999914169311523e+00
5.917805099487304688e+01 5.829766464233398438e+01 5.830041885375976562e+01 5.605822372436523438e+01 5.489594268798828125e+01 3.099999904632568359e+00
